Frame,Theta1,Theta2,Theta3,ServoAngle,Time(s)
11,-139.55,-76.76,-19.99,2,4.701
12,-139.55,-76.83,-19.92,2,4.743
13,-139.55,-76.95,-19.91,2,4.790
14,-139.58,-76.97,-19.98,2,4.841
15,-139.51,-76.88,-19.98,2,4.888
16,-139.55,-76.90,-20.09,3,5.046
17,-139.56,-76.83,-20.04,3,5.095
18,-139.89,-76.44,-19.53,3,5.142
23,-143.22,-68.83,-17.60,3,5.395
24,-146.39,-61.99,-15.30,3,5.457
25,-149.12,-55.55,-13.46,3,5.504
26,-151.53,-49.70,-11.82,3,5.551
27,-153.84,-44.58,-10.25,3,5.612
28,-155.99,-40.12,-8.68,3,5.655
29,-157.81,-35.90,-7.34,3,5.704
30,-159.57,-32.24,-6.13,3,5.749
31,-161.12,-28.91,-5.13,4,5.907
32,-162.43,-25.75,-4.22,4,5.954
33,-163.74,-23.18,-3.25,4,6.002
34,-164.88,-20.77,-2.44,4,6.050
35,-165.93,-18.70,-1.74,4,6.096
36,-166.84,-16.73,-1.17,4,6.157
37,-167.67,-15.02,-0.51,4,6.217
38,-168.45,-13.46,0.02,4,6.264
40,-169.20,-12.23,0.63,4,6.374
42,-169.74,-10.86,0.96,4,6.468
43,-170.36,-9.84,1.33,4,6.516
44,-170.79,-8.71,1.68,4,6.576
45,-171.29,-7.89,1.97,4,6.623
46,-171.71,-7.03,2.25,5,6.779
47,-172.00,-6.17,2.50,5,6.841
48,-172.34,-5.57,2.81,5,6.890
49,-172.66,-5.03,3.07,5,6.954
50,-172.81,-4.33,3.24,5,7.004
51,-172.99,-3.81,3.38,5,7.052
52,-173.24,-3.37,3.43,5,7.098
53,-173.37,-2.88,3.56,5,7.158
54,-173.44,-2.39,3.60,5,7.204
55,-173.60,-2.13,3.71,5,7.252
56,-173.75,-1.88,3.80,5,7.303
57,-173.84,-1.63,3.98,5,7.354
58,-173.95,-1.27,3.89,5,7.409
59,-174.14,-1.20,4.05,5,7.467
60,-174.32,-1.14,4.12,5,7.523
61,-174.43,-1.03,4.26,6,7.684
62,-174.50,-0.74,4.14,6,7.732
63,-174.50,-0.66,4.35,6,7.789
64,-174.54,-0.48,4.30,6,7.848
65,-174.60,-0.33,4.26,6,7.899
66,-174.64,-0.27,4.39,6,7.951
67,-174.64,-0.17,4.51,6,8.003
68,-174.68,-0.19,4.68,6,8.053
70,-174.72,-0.14,4.76,6,8.156
71,-174.75,-0.16,4.99,6,8.214
72,-174.88,-0.22,5.14,6,8.276
73,-174.80,0.01,5.09,6,8.337
74,-174.78,0.02,5.21,6,8.386
75,-174.76,0.25,5.00,6,8.435
76,-174.74,0.38,4.97,7,8.586
77,-174.69,0.45,5.03,7,8.634
78,-174.72,0.36,5.15,7,8.681
79,-174.75,0.36,5.10,7,8.742
80,-174.73,0.48,5.07,7,8.789
81,-174.71,0.52,5.11,7,8.836
82,-174.71,0.54,5.24,7,8.900
83,-174.73,0.53,5.18,7,8.957
84,-174.75,0.44,5.37,7,9.006
85,-174.79,0.43,5.39,7,9.054
86,-174.82,0.41,5.40,7,9.100
87,-174.71,0.61,5.42,7,9.149
88,-174.74,0.52,5.49,7,9.210
89,-174.72,0.63,5.33,7,9.272
90,-174.75,0.53,5.42,7,9.316
91,-174.83,0.38,5.60,8,9.472
92,-174.80,0.43,5.58,8,9.534
93,-174.87,0.45,5.59,8,9.592
94,-174.94,0.46,5.41,8,9.652
95,-174.98,0.49,5.26,8,9.700
96,-174.99,0.48,5.37,8,9.762
97,-174.99,0.54,5.30,8,9.823
98,-174.90,0.70,5.25,8,9.883
99,-174.86,0.72,5.27,8,9.928
100,-174.93,0.63,5.21,8,9.975
101,-174.89,0.72,5.07,8,10.026
102,-174.94,0.65,5.11,8,10.089
103,-174.94,0.71,5.07,8,10.147
104,-174.91,0.86,4.88,8,10.209
105,-174.84,0.90,4.93,8,10.255
106,-174.86,0.85,4.90,9,10.412
107,-174.92,0.68,5.04,9,10.458
108,-174.89,0.76,5.01,9,10.505
109,-174.86,0.83,4.99,9,10.554
110,-174.78,0.94,4.88,9,10.598
111,-174.81,0.80,5.11,9,10.645
112,-174.79,0.87,5.07,9,10.701
113,-174.80,0.83,5.20,9,10.755
114,-174.82,0.87,5.07,9,10.814
116,-174.85,0.81,5.11,9,10.917
117,-174.86,0.92,4.91,9,10.966
118,-174.92,0.74,5.05,9,11.027
119,-174.98,0.65,5.00,9,11.088
120,-174.90,0.78,4.90,9,11.135
121,-175.00,0.65,4.96,10,11.291
122,-174.96,0.73,4.77,10,11.338
123,-174.92,0.81,4.68,10,11.385
124,-174.97,0.73,4.67,10,11.433
125,-174.80,1.03,4.60,10,11.495
126,-174.82,0.94,4.70,10,11.542
127,-174.88,0.85,4.69,10,11.588
128,-174.81,0.88,4.86,10,11.647
129,-174.83,0.90,4.76,10,11.696
130,-174.85,0.77,4.92,10,11.743
131,-174.77,0.82,4.97,10,11.790
132,-174.76,0.89,4.96,10,11.852
133,-174.87,0.75,5.01,10,11.914
134,-174.84,0.82,4.98,10,11.975
135,-174.82,0.90,4.96,10,12.022
136,-174.75,0.94,5.01,11,12.169
137,-174.83,0.82,5.06,11,12.216
138,-174.89,0.74,5.01,11,12.274
139,-174.95,0.65,5.15,11,12.321
140,-175.00,0.57,5.28,11,12.367
141,-175.06,0.49,5.30,11,12.414
142,-175.01,0.53,5.32,11,12.462
143,-175.00,0.44,5.41,11,12.507
144,-175.01,0.44,5.41,11,12.552
145,-174.97,0.62,5.18,11,12.614
146,-175.07,0.43,5.29,11,12.676
147,-175.02,0.46,5.40,11,12.736
148,-174.97,0.49,5.50,11,12.785
149,-175.02,0.44,5.50,11,12.829
150,-174.97,0.47,5.50,11,12.891
152,-174.97,0.46,5.50,12,13.092
153,-174.94,0.55,5.35,12,13.143
154,-174.90,0.58,5.28,12,13.201
155,-174.82,0.64,5.22,12,13.247
156,-174.80,0.65,5.25,12,13.295
157,-174.78,0.73,5.21,12,13.360
158,-174.72,0.78,5.24,12,13.408
159,-174.79,0.70,5.26,12,13.465
160,-174.86,0.54,5.37,12,13.527
161,-174.84,0.63,5.22,12,13.573
162,-174.81,0.65,5.16,12,13.633
163,-174.83,0.53,5.28,12,13.682
164,-174.94,0.34,5.38,12,13.736
165,-174.91,0.46,5.24,12,13.792
166,-175.01,0.35,5.18,13,13.944
167,-174.92,0.51,5.14,13,13.996
168,-175.06,0.28,5.17,13,14.051
169,-175.06,0.36,5.13,13,14.112
170,-175.05,0.36,5.17,13,14.161
171,-174.96,0.38,5.37,13,14.225
172,-174.88,0.46,5.30,13,14.284
173,-174.98,0.35,5.24,13,14.346
174,-174.94,0.47,5.10,13,14.408
175,-174.99,0.49,4.98,13,14.470
176,-174.95,0.44,5.11,13,14.515
177,-174.92,0.39,5.23,13,14.562
178,-174.93,0.46,5.09,13,14.623
179,-174.98,0.49,4.97,13,14.673
180,-174.89,0.56,5.03,13,14.720
182,-174.95,0.50,5.08,14,14.922
183,-174.91,0.68,4.97,14,14.969
184,-174.83,0.81,4.86,14,15.018
185,-174.94,0.75,4.67,14,15.064
186,-174.86,0.81,4.75,14,15.119
187,-174.82,0.96,4.59,14,15.178
188,-174.89,0.84,4.69,14,15.237
189,-174.90,0.87,4.69,14,15.298
190,-174.97,0.77,4.69,14,15.360
191,-174.88,0.82,4.77,14,15.421
192,-174.89,0.78,4.75,14,15.469
193,-174.86,0.79,4.73,14,15.514
194,-174.92,0.70,4.80,14,15.564
195,-174.83,0.92,4.72,14,15.626
196,-174.81,0.91,4.80,15,15.780
197,-174.82,0.93,4.70,15,15.843
198,-174.75,1.04,4.62,15,15.888
199,-174.91,0.77,4.79,15,15.938
200,-174.87,0.92,4.62,15,16.004
202,-175.02,0.57,4.78,15,16.114
203,-174.98,0.59,4.86,15,16.167
204,-174.93,0.62,4.82,15,16.218
205,-174.99,0.54,4.98,15,16.276
206,-175.04,0.40,5.11,15,16.338
207,-174.95,0.49,5.15,15,16.385
208,-174.87,0.71,4.95,15,16.432
209,-174.88,0.75,4.93,15,16.482
210,-174.94,0.68,4.98,15,16.540
211,-174.90,0.69,4.95,16,16.694
212,-174.82,0.82,4.92,16,16.755
213,-174.80,0.82,4.98,16,16.812
214,-174.77,0.82,5.12,16,16.870
215,-174.88,0.60,5.25,16,16.916
216,-174.94,0.46,5.35,16,16.964
217,-174.90,0.49,5.37,16,17.019
218,-174.95,0.44,5.37,16,17.069
219,-174.82,0.57,5.47,16,17.127
220,-174.78,0.62,5.38,16,17.174
221,-174.76,0.56,5.47,16,17.238
222,-174.83,0.49,5.48,16,17.298
223,-174.80,0.45,5.47,16,17.345
224,-174.79,0.55,5.40,16,17.393
225,-174.72,0.63,5.40,16,17.441
226,-174.79,0.48,5.49,17,17.593
227,-174.83,0.45,5.41,17,17.639
228,-174.80,0.48,5.42,17,17.686
229,-174.86,0.36,5.51,17,17.745
230,-174.83,0.40,5.42,17,17.792
231,-174.81,0.43,5.52,17,17.854
232,-174.79,0.54,5.36,17,17.918
233,-174.77,0.57,5.28,17,17.978
234,-174.88,0.45,5.31,17,18.023
235,-174.76,0.73,5.09,17,18.072
236,-174.80,0.76,5.05,17,18.134
239,-174.82,0.72,5.10,17,18.306
240,-174.84,0.62,5.20,17,18.353
241,-174.86,0.51,5.31,18,18.510
242,-174.83,0.47,5.40,18,18.572
243,-174.80,0.44,5.49,18,18.617
244,-174.91,0.27,5.56,18,18.664
245,-174.93,0.20,5.63,18,18.725
246,-174.93,0.22,5.52,18,18.787
247,-174.89,0.29,5.52,18,18.832
248,-174.90,0.38,5.26,18,18.880
249,-174.91,0.31,5.36,18,18.928
250,-174.83,0.33,5.44,18,18.974
251,-174.88,0.24,5.60,18,19.032
252,-174.85,0.31,5.50,18,19.084
253,-174.90,0.21,5.57,18,19.132
255,-174.97,0.16,5.56,18,19.240
256,-174.93,0.22,5.56,19,19.396
257,-174.90,0.28,5.47,19,19.443
259,-174.96,0.25,5.38,19,19.549
260,-174.96,0.19,5.37,19,19.608
261,-174.97,0.13,5.55,19,19.658
262,-174.88,0.33,5.37,19,19.719
263,-174.76,0.54,5.22,19,19.767
264,-174.66,0.72,5.09,19,19.829
265,-174.74,0.64,5.05,19,19.878
266,-174.67,0.79,4.84,19,19.924
267,-174.62,0.99,4.66,19,19.971
268,-174.58,1.09,4.57,19,20.020
269,-174.53,1.18,4.50,19,20.081
270,-174.55,1.14,4.51,19,20.142
271,-174.59,1.06,4.61,20,20.297
272,-174.59,1.11,4.62,20,20.359
273,-174.63,1.12,4.55,20,20.407
274,-174.66,1.12,4.48,20,20.469
275,-174.65,1.18,4.50,20,20.530
276,-174.68,1.10,4.51,20,20.592
277,-174.68,1.06,4.53,20,20.652
279,-174.72,0.99,4.54,20,20.761
280,-174.74,1.00,4.38,20,20.823
281,-174.73,1.13,4.34,20,20.870
282,-174.77,1.05,4.36,20,20.931
283,-174.70,1.08,4.38,20,20.993
284,-174.65,1.09,4.41,20,21.055
285,-174.59,1.20,4.35,20,21.103
286,-174.54,1.13,4.54,21,21.250
287,-174.54,1.09,4.55,21,21.305
288,-174.51,1.10,4.56,21,21.352
289,-174.61,0.90,4.64,21,21.398
290,-174.56,0.86,4.80,21,21.445
291,-174.47,0.95,4.79,21,21.494
292,-174.43,0.99,4.76,21,21.556
293,-174.44,0.91,4.90,21,21.616
294,-174.45,0.91,4.87,21,21.663
295,-174.37,0.99,4.94,21,21.712
296,-174.38,0.98,4.99,21,21.771
297,-174.36,1.09,4.87,21,21.820
298,-174.42,1.02,4.84,21,21.867
299,-174.53,0.76,4.97,21,21.913
300,-174.45,0.77,5.01,21,21.961
301,-174.41,0.83,4.88,22,22.113
302,-174.52,0.65,4.94,22,22.159
303,-174.61,0.57,5.00,22,22.208
304,-174.56,0.64,4.87,22,22.269
305,-174.61,0.61,4.77,22,22.316
306,-174.51,0.72,4.84,22,22.364
307,-174.61,0.57,4.89,22,22.428
308,-174.56,0.64,4.77,22,22.473
309,-174.53,0.69,4.85,22,22.521
310,-174.49,0.74,4.83,22,22.583
311,-174.45,0.87,4.72,22,22.643
312,-174.46,0.79,4.79,22,22.691
313,-174.42,0.84,4.78,22,22.738
314,-174.48,0.72,4.84,22,22.799
315,-174.49,0.65,4.98,22,22.848
316,-174.50,0.59,4.92,23,22.999
317,-174.47,0.66,4.89,23,23.055
318,-174.43,0.65,4.95,23,23.117
319,-174.35,0.75,4.91,23,23.164
320,-174.37,0.68,4.88,23,23.209
321,-174.44,0.63,4.86,23,23.257
322,-174.45,0.57,5.00,23,23.317
323,-174.51,0.55,4.96,23,23.379
324,-174.42,0.67,4.84,23,23.428
325,-174.44,0.61,4.89,23,23.491
326,-174.45,0.64,4.77,23,23.537
327,-174.51,0.53,4.75,23,23.597
328,-174.51,0.48,4.81,23,23.645
329,-174.48,0.55,4.71,23,23.706
330,-174.44,0.62,4.70,23,23.752
331,-174.46,0.48,4.85,24,23.907
332,-174.38,0.60,4.74,24,23.955
333,-174.45,0.42,4.88,24,24.016
334,-174.47,0.37,4.94,24,24.076
335,-174.38,0.51,4.90,24,24.123
336,-174.45,0.41,4.95,24,24.171
337,-174.46,0.38,5.00,24,24.218
338,-174.43,0.45,4.96,24,24.275
340,-174.54,0.33,5.00,24,24.370
341,-174.54,0.29,5.05,24,24.415
342,-174.55,0.19,5.33,24,24.464
343,-174.55,0.18,5.33,24,24.513
344,-174.60,0.21,5.16,24,24.560
345,-174.60,0.19,5.19,24,24.605
346,-174.55,0.37,5.05,25,24.761
347,-174.46,0.43,5.08,25,24.808
348,-174.43,0.50,5.05,25,24.857
349,-174.31,0.17,4.97,25,24.918
350,-174.14,-0.26,5.16,25,24.966
351,-173.90,-0.48,5.25,25,25.027
352,-173.79,-0.73,5.12,25,25.075
353,-173.60,-0.93,5.24,25,25.125
354,-173.43,-1.10,5.23,25,25.169
355,-173.22,-1.27,5.40,25,25.231
356,-173.12,-1.51,5.55,25,25.292
357,-173.08,-1.71,5.44,25,25.338
358,-173.03,-1.88,5.42,25,25.400
359,-172.91,-1.93,5.39,25,25.448
360,-172.80,-1.99,5.46,25,25.511
361,-172.71,-2.14,5.62,26,25.667
362,-172.63,-2.22,5.52,26,25.728
363,-172.47,-2.12,5.45,26,25.775
364,-172.40,-2.19,5.46,26,25.822
365,-172.37,-2.34,5.62,26,25.864
367,-172.26,-2.34,5.62,26,25.961
368,-172.18,-2.35,5.70,26,26.021
369,-172.20,-2.39,5.55,26,26.070
370,-172.20,-2.48,5.57,26,26.131
371,-172.11,-2.46,5.58,26,26.192
372,-172.08,-2.49,5.48,26,26.239
373,-172.11,-2.57,5.41,26,26.299
374,-171.99,-2.36,5.18,26,26.346
375,-171.98,-2.35,5.08,26,26.391
376,-171.97,-2.39,5.11,27,26.549
377,-172.06,-2.45,5.08,27,26.598
378,-171.99,-2.39,4.98,27,26.643
379,-171.99,-2.29,4.81,27,26.699
380,-172.01,-2.32,4.74,27,26.755
381,-172.03,-2.33,4.66,27,26.815
382,-171.93,-2.16,4.53,27,26.861
383,-171.82,-1.98,4.48,27,26.923
384,-171.86,-2.02,4.35,27,26.984
385,-171.89,-2.06,4.22,27,27.030
386,-171.80,-1.98,4.19,27,27.092
387,-171.76,-1.95,4.19,27,27.138
388,-171.81,-2.02,4.10,27,27.187
389,-171.87,-2.10,4.10,27,27.234
390,-171.96,-2.28,4.18,27,27.278
391,-172.00,-2.33,4.18,28,27.435
392,-171.92,-2.24,4.25,28,27.480
393,-171.84,-2.22,4.38,28,27.530
394,-171.79,-2.17,4.27,28,27.593
395,-171.80,-2.25,4.32,28,27.654
396,-171.71,-2.20,4.34,28,27.701
397,-171.60,-2.06,4.29,28,27.749
398,-171.62,-2.15,4.35,28,27.808
399,-171.55,-2.13,4.48,28,27.856
400,-171.53,-2.14,4.48,28,27.917
401,-171.46,-1.97,4.28,28,27.965
402,-171.50,-2.05,4.32,28,28.010
403,-171.44,-2.04,4.45,28,28.058
404,-171.39,-2.04,4.50,28,28.105
405,-171.39,-2.08,4.61,28,28.167
406,-171.48,-2.14,4.49,29,28.322
407,-171.46,-2.09,4.37,29,28.382
408,-171.45,-2.18,4.45,29,28.429
409,-171.39,-2.14,4.35,29,28.476
411,-171.40,-2.23,4.53,29,28.571
412,-171.39,-2.32,4.71,29,28.617
413,-171.44,-2.28,4.43,29,28.679
414,-171.42,-2.32,4.58,29,28.729
415,-171.37,-2.35,4.64,29,28.777
416,-171.39,-2.36,4.64,29,28.827
417,-171.26,-2.24,4.65,29,28.872
418,-171.31,-2.26,4.61,29,28.918
419,-171.36,-2.40,4.69,29,28.966
420,-171.37,-2.48,4.75,29,29.012
421,-171.39,-2.61,4.96,30,29.163
422,-171.39,-2.66,5.00,30,29.208
423,-171.10,-3.24,5.11,30,29.258
425,-170.83,-3.67,5.32,30,29.365
427,-170.50,-3.95,5.45,30,29.462
428,-170.35,-4.37,5.53,30,29.506
429,-170.21,-4.67,5.44,30,29.553
430,-169.99,-5.00,5.60,30,29.601
431,-169.80,-5.08,5.51,30,29.648
432,-169.62,-5.28,5.50,30,29.710
433,-169.55,-5.54,5.53,30,29.768
434,-169.40,-5.76,5.67,30,29.818
435,-169.23,-5.88,5.66,30,29.865
436,-169.16,-6.03,5.67,31,30.019
437,-169.07,-6.17,5.73,31,30.081
438,-169.01,-6.31,5.69,31,30.129
439,-168.90,-6.47,5.76,31,30.174
440,-168.78,-6.51,5.74,31,30.222
441,-168.70,-6.65,5.88,31,30.284
442,-168.58,-6.66,5.83,31,30.331
443,-168.57,-6.87,5.99,31,30.375
444,-168.48,-6.95,6.00,31,30.422
445,-168.45,-6.96,5.91,31,30.471
446,-168.40,-7.08,5.98,31,30.517
447,-168.33,-6.99,5.87,31,30.578
448,-168.30,-7.05,5.86,31,30.624
449,-168.36,-7.33,6.08,31,30.674
450,-168.29,-7.38,6.20,31,30.723
451,-168.27,-7.37,6.11,32,30.875
452,-168.24,-7.49,6.18,32,30.923
453,-168.21,-7.53,6.13,32,30.985
454,-168.26,-7.59,5.99,32,31.046
455,-168.24,-7.66,6.03,32,31.095
456,-168.22,-7.69,6.02,32,31.157
457,-168.14,-7.61,5.98,32,31.204
459,-168.16,-7.67,5.88,32,31.300
460,-168.07,-7.62,5.81,32,31.358
461,-168.06,-7.65,5.73,32,31.418
462,-168.03,-7.67,5.86,32,31.470
463,-168.04,-7.64,5.79,32,31.528
464,-167.99,-7.62,5.80,32,31.575
465,-167.99,-7.62,5.78,32,31.624
466,-167.87,-7.49,5.76,33,31.779
467,-167.81,-7.48,5.71,33,31.825
468,-167.81,-7.53,5.78,33,31.874
469,-167.79,-7.53,5.68,33,31.935
470,-167.79,-7.46,5.45,33,31.997
471,-167.81,-7.59,5.61,33,32.058
472,-167.83,-7.71,5.71,33,32.103
473,-167.82,-7.55,5.47,33,32.163
474,-167.75,-7.45,5.42,33,32.211
475,-167.57,-7.25,5.35,33,32.259
476,-167.60,-7.20,5.19,33,32.318
477,-167.66,-7.34,5.27,33,32.365
478,-167.57,-7.26,5.24,33,32.412
479,-167.60,-7.39,5.31,33,32.457
480,-167.51,-7.26,5.21,33,32.507
481,-167.57,-7.44,5.40,34,32.663
482,-167.39,-7.54,5.31,34,32.725
483,-167.26,-7.76,5.40,34,32.786
484,-167.13,-7.88,5.37,34,32.833
485,-167.06,-8.12,5.40,34,32.895
486,-167.01,-8.38,5.58,34,32.957
487,-166.88,-8.48,5.63,34,33.017
488,-166.72,-8.46,5.70,34,33.065
489,-166.70,-8.60,5.66,34,33.113
490,-166.66,-8.68,5.59,34,33.162
491,-166.66,-8.86,5.71,34,33.209
492,-166.56,-8.85,5.65,34,33.256
493,-166.47,-8.87,5.67,34,33.301
494,-166.47,-8.99,5.72,34,33.362
495,-166.43,-9.01,5.67,34,33.421
496,-166.46,-9.27,5.86,35,33.580
497,-166.45,-9.39,5.97,35,33.625
498,-166.39,-9.38,5.90,35,33.674
499,-166.34,-9.29,5.67,35,33.726
500,-166.32,-9.46,5.68,35,33.788
501,-166.20,-9.71,5.73,35,33.847
502,-166.04,-9.83,5.75,35,33.895
503,-165.99,-10.12,5.88,35,33.944
504,-165.88,-10.22,5.80,35,33.990
505,-165.79,-10.35,5.86,35,34.051
506,-165.66,-10.42,5.94,35,34.096
507,-165.66,-10.60,5.92,35,34.145
508,-165.53,-10.67,6.09,35,34.206
509,-165.54,-10.79,6.08,35,34.254
510,-165.49,-10.87,6.07,35,34.297
511,-165.38,-10.98,6.32,36,34.453
512,-165.32,-11.05,6.39,36,34.503
513,-165.32,-11.10,6.38,36,34.547
514,-165.13,-11.06,6.23,36,34.592
515,-165.06,-11.16,6.12,36,34.640
516,-164.93,-11.18,6.07,36,34.688
517,-164.74,-11.02,5.83,36,34.751
518,-164.69,-11.04,5.83,36,34.798
519,-164.60,-11.14,5.93,36,34.856
520,-164.51,-11.13,5.82,36,34.907
521,-164.38,-11.20,6.03,36,34.955
522,-164.39,-11.26,5.91,36,35.013
523,-164.34,-11.32,5.95,36,35.062
524,-164.37,-11.41,5.83,36,35.121
525,-164.33,-11.50,5.97,36,35.166
526,-164.26,-11.40,5.78,37,35.321
527,-164.19,-11.49,5.91,37,35.372
528,-164.16,-11.45,5.76,37,35.420
529,-164.09,-11.38,5.75,37,35.479
530,-164.02,-11.31,5.74,37,35.529
531,-164.06,-11.49,5.83,37,35.588
532,-164.02,-11.57,5.84,37,35.634
533,-163.95,-11.61,5.92,37,35.695
534,-164.03,-11.72,5.84,37,35.757
535,-164.00,-11.72,5.73,37,35.818
537,-164.00,-11.85,5.94,37,35.940
538,-163.95,-11.92,6.09,37,35.988
539,-163.98,-12.02,6.06,37,36.034
540,-163.93,-12.00,6.13,37,36.082
541,-163.86,-11.96,6.22,38,36.237
542,-163.81,-11.93,6.15,38,36.283
543,-163.77,-11.88,6.02,38,36.330
544,-163.69,-11.97,6.19,38,36.376
545,-163.59,-11.95,6.03,38,36.420
546,-163.46,-11.95,6.00,38,36.467
547,-163.42,-11.99,6.01,38,36.516
548,-163.37,-12.03,6.03,38,36.576
549,-163.34,-12.13,6.11,38,36.625
550,-163.35,-12.24,6.07,38,36.686
551,-163.24,-12.22,6.12,38,36.732
552,-163.16,-12.17,6.00,38,36.778
553,-163.16,-12.31,6.08,38,36.824
554,-163.13,-12.41,6.20,38,36.873
555,-163.11,-12.37,6.08,38,36.935
556,-163.05,-12.25,5.89,39,37.087
557,-163.07,-12.42,6.01,39,37.134
558,-162.92,-12.20,5.84,39,37.182
559,-162.83,-12.05,5.71,39,37.244
560,-162.82,-11.98,5.60,39,37.292
561,-162.81,-11.93,5.51,39,37.336
562,-162.86,-12.11,5.55,39,37.386
563,-162.77,-12.00,5.41,39,37.449
564,-162.71,-12.06,5.51,39,37.511
565,-162.65,-12.08,5.60,39,37.572
566,-162.49,-11.92,5.58,39,37.618
567,-162.49,-11.99,5.67,39,37.679
568,-162.53,-12.15,5.85,39,37.724
569,-162.58,-12.21,5.87,39,37.769
570,-162.64,-12.35,5.92,39,37.817
571,-162.56,-12.27,5.86,40,37.972
572,-162.47,-12.22,5.75,40,38.018
573,-162.28,-12.34,5.54,40,38.065
574,-162.11,-12.59,5.60,40,38.127
575,-161.93,-12.78,5.63,40,38.174
576,-161.85,-13.05,5.68,40,38.220
577,-161.66,-13.17,5.76,40,38.267
578,-161.54,-13.40,5.81,40,38.313
579,-161.45,-13.63,5.95,40,38.363
580,-161.36,-13.76,5.96,40,38.408
581,-161.28,-13.85,5.96,40,38.454
582,-161.21,-13.96,5.93,40,38.504
583,-161.17,-14.08,5.99,40,38.565
584,-161.11,-14.23,6.02,40,38.612
585,-160.97,-14.19,5.93,40,38.663
586,-160.92,-14.24,5.85,41,38.814
587,-160.88,-14.20,5.72,41,38.860
588,-160.83,-14.26,5.76,41,38.905
589,-160.76,-14.23,5.71,41,38.954
590,-160.71,-14.27,5.75,41,39.014
591,-160.71,-14.46,6.06,41,39.060
592,-160.64,-14.45,6.02,41,39.110
593,-160.60,-14.44,5.96,41,39.172
594,-160.60,-14.49,5.93,41,39.218
595,-160.59,-14.53,5.95,41,39.280
596,-160.53,-14.51,5.97,41,39.325
597,-160.51,-14.56,5.99,41,39.371
598,-160.51,-14.55,5.87,41,39.417
599,-160.49,-14.54,5.79,41,39.466
600,-160.48,-14.54,5.84,41,39.512
601,-160.46,-14.60,5.87,42,39.669
602,-160.43,-14.58,5.77,42,39.730
603,-160.41,-14.65,5.82,42,39.778
604,-160.38,-14.68,5.81,42,39.823
605,-160.36,-14.72,5.86,42,39.884
606,-160.26,-14.62,5.84,42,39.928
607,-160.25,-14.67,5.81,42,39.977
608,-160.22,-14.72,5.96,42,40.025
609,-160.21,-14.70,5.93,42,40.085
610,-160.15,-14.60,5.76,42,40.130
611,-160.03,-14.40,5.65,42,40.179
612,-159.92,-14.29,5.61,42,40.241
613,-159.84,-14.38,5.71,42,40.287
614,-159.78,-14.41,5.60,42,40.335
615,-159.67,-14.37,5.62,42,40.381
616,-159.58,-14.39,5.61,43,40.538
617,-159.51,-14.46,5.63,43,40.585
618,-159.44,-14.48,5.62,43,40.633
619,-159.42,-14.50,5.45,43,40.693
620,-159.46,-14.62,5.51,43,40.741
621,-159.39,-14.62,5.43,43,40.788
622,-159.28,-14.59,5.45,43,40.836
623,-159.31,-14.69,5.61,43,40.898
624,-159.25,-14.69,5.48,43,40.944
625,-159.19,-14.63,5.31,43,40.992
626,-159.11,-14.53,5.20,43,41.041
627,-159.05,-14.47,5.14,43,41.086
628,-159.05,-14.59,5.25,43,41.145
629,-159.15,-14.80,5.32,43,41.195
630,-159.09,-14.70,5.32,43,41.255
631,-159.08,-14.68,5.26,44,41.411
632,-159.08,-14.68,5.21,44,41.458
633,-159.03,-14.85,5.51,44,41.504
634,-158.90,-15.42,5.55,44,41.552
635,-158.64,-15.78,5.58,44,41.597
636,-158.50,-16.32,5.84,44,41.644
637,-158.31,-16.62,5.85,44,41.692
638,-158.14,-16.96,5.97,44,41.737
639,-158.02,-17.34,6.07,44,41.784
640,-157.97,-17.69,6.01,44,41.832
641,-157.86,-17.93,6.04,44,41.879
642,-157.78,-18.13,5.95,44,41.939
643,-157.74,-18.44,5.98,44,41.987
644,-157.71,-18.57,5.78,44,42.034
645,-157.53,-18.52,5.59,44,42.096
646,-157.52,-18.75,5.68,45,42.252
647,-157.45,-18.82,5.62,45,42.313
648,-157.34,-18.85,5.50,45,42.363
649,-157.24,-18.93,5.58,45,42.421
650,-157.16,-19.02,5.59,45,42.468
651,-157.16,-19.16,5.47,45,42.517
652,-157.05,-19.24,5.55,45,42.566
653,-157.00,-19.36,5.67,45,42.625
654,-156.97,-19.43,5.68,45,42.685
655,-156.93,-19.47,5.70,45,42.733
657,-156.93,-19.61,5.81,45,42.825
658,-156.88,-19.63,5.80,45,42.874
659,-156.83,-19.63,5.87,45,42.935
660,-156.76,-19.67,5.96,45,42.983
661,-156.76,-19.71,5.86,46,43.136
662,-156.87,-19.92,5.95,46,43.184
663,-156.80,-19.88,5.95,46,43.232
664,-156.73,-20.16,5.79,46,43.294
665,-156.58,-20.34,5.71,46,43.355
666,-156.43,-20.43,5.52,46,43.416
667,-156.37,-20.69,5.53,46,43.463
668,-156.29,-20.85,5.41,46,43.521
669,-156.23,-20.94,5.25,46,43.573
670,-156.09,-21.01,5.09,46,43.620
671,-156.09,-21.18,5.08,46,43.669
672,-156.01,-21.21,4.95,46,43.716
673,-155.92,-21.21,4.77,46,43.761
674,-155.87,-21.25,4.60,46,43.824
675,-155.85,-21.36,4.58,46,43.869
676,-155.77,-21.34,4.57,47,44.022
677,-155.76,-21.44,4.55,47,44.068
678,-155.69,-21.53,4.66,47,44.117
679,-155.59,-21.57,4.75,47,44.163
680,-155.58,-21.74,4.89,47,44.211
681,-155.55,-21.87,5.02,47,44.272
682,-155.55,-22.07,5.19,47,44.334
683,-155.56,-22.21,5.21,47,44.380
684,-155.49,-22.26,5.30,47,44.441
685,-155.53,-22.46,5.51,47,44.488
686,-155.49,-22.45,5.39,47,44.537
687,-155.46,-22.56,5.58,47,44.598
688,-155.44,-22.67,5.76,47,44.659
689,-155.42,-22.70,5.73,47,44.707
690,-155.43,-22.82,5.88,47,44.773
691,-155.35,-22.72,5.79,48,44.924
692,-155.38,-22.80,5.76,48,44.972
693,-155.41,-22.86,5.73,48,45.034
694,-155.34,-22.93,5.68,48,45.091
695,-155.27,-23.21,5.66,48,45.137
696,-155.07,-23.17,5.35,48,45.185
697,-154.96,-23.32,5.31,48,45.232
698,-154.89,-23.47,5.27,48,45.280
699,-154.77,-23.61,5.37,48,45.327
700,-154.63,-23.55,5.22,48,45.374
701,-154.51,-23.60,5.19,48,45.421
702,-154.45,-23.69,5.25,48,45.483
703,-154.43,-23.87,5.28,48,45.529
704,-154.43,-23.94,5.13,48,45.576
705,-154.45,-24.18,5.22,48,45.623
706,-154.41,-24.12,4.95,49,45.778
707,-154.37,-24.17,4.94,49,45.826
708,-154.38,-24.32,5.01,49,45.889
709,-154.25,-24.42,4.77,49,45.936
710,-154.09,-24.48,4.70,49,45.982
711,-154.00,-24.70,4.80,49,46.031
712,-153.90,-24.87,4.90,49,46.093
713,-153.75,-24.86,4.89,49,46.141
714,-153.62,-24.96,4.91,49,46.188
715,-153.50,-24.99,5.01,49,46.233
716,-153.39,-25.06,5.13,49,46.282
717,-153.31,-25.16,5.27,49,46.329
718,-153.26,-25.16,5.08,49,46.375
719,-153.22,-25.16,4.98,49,46.423
720,-153.24,-25.22,4.95,49,46.475
721,-153.16,-25.17,4.86,50,46.627
722,-153.08,-25.22,5.00,50,46.675
723,-153.10,-25.31,4.82,50,46.721
724,-152.97,-25.35,4.76,50,46.771
725,-152.89,-25.53,4.89,50,46.816
726,-152.80,-25.63,4.75,50,46.877
727,-152.72,-25.72,4.83,50,46.923
728,-152.61,-25.77,4.91,50,46.969
729,-152.48,-25.83,5.15,50,47.030
730,-152.33,-25.73,5.13,50,47.075
731,-152.21,-25.73,5.10,50,47.123
732,-152.19,-25.76,5.04,50,47.185
733,-152.17,-25.84,5.02,50,47.233
734,-152.18,-26.00,5.07,50,47.292
735,-152.12,-26.01,5.12,50,47.341
736,-152.10,-26.00,5.03,51,47.498
737,-152.07,-26.10,5.14,51,47.559
738,-152.05,-26.13,5.05,51,47.604
739,-152.02,-26.15,4.97,51,47.653
740,-151.87,-26.24,5.01,51,47.700
741,-151.76,-26.33,4.92,51,47.760
742,-151.72,-26.57,4.95,51,47.808
743,-151.67,-26.71,4.83,51,47.870
744,-151.58,-26.79,4.86,51,47.916
745,-151.48,-26.80,4.84,51,47.977
746,-151.39,-26.85,4.87,51,48.027
747,-151.32,-26.91,4.84,51,48.073
748,-151.31,-27.01,4.86,51,48.134
749,-151.35,-27.16,4.89,51,48.180
750,-151.21,-27.07,4.81,51,48.229
751,-151.14,-27.03,4.63,52,48.384
752,-151.17,-27.14,4.62,52,48.444
753,-151.13,-27.28,4.57,52,48.493
754,-151.05,-27.55,4.57,52,48.553
755,-151.00,-27.83,4.54,52,48.599
756,-150.87,-27.98,4.57,52,48.655
757,-150.73,-28.09,4.52,52,48.705
758,-150.69,-28.33,4.54,52,48.764
759,-150.70,-28.61,4.55,52,48.827
760,-150.73,-28.87,4.62,52,48.871
761,-150.67,-28.98,4.59,52,48.924
762,-150.60,-29.07,4.57,52,48.982
763,-150.55,-29.13,4.57,52,49.043
764,-150.53,-29.21,4.51,52,49.090
765,-150.51,-29.28,4.46,52,49.141
766,-150.54,-29.38,4.42,53,49.295
767,-150.45,-29.37,4.38,53,49.357
768,-150.39,-29.38,4.32,53,49.404
769,-150.41,-29.63,4.60,53,49.450
770,-150.28,-29.54,4.52,53,49.499
771,-150.16,-29.52,4.33,53,49.560
772,-150.14,-29.73,4.41,53,49.621
773,-150.06,-29.75,4.40,53,49.669
774,-149.99,-29.81,4.38,53,49.731
775,-149.84,-29.70,4.28,53,49.793
776,-149.72,-29.66,4.16,53,49.841
777,-149.65,-29.66,4.10,53,49.889
778,-149.58,-29.65,4.04,53,49.936
779,-149.49,-29.63,3.99,53,49.984
780,-149.44,-29.62,3.90,53,50.030
781,-149.32,-29.55,4.02,54,50.183
782,-149.26,-29.56,4.08,54,50.233
783,-149.23,-29.67,4.00,54,50.292
784,-149.16,-29.75,4.04,54,50.341
785,-149.10,-29.84,4.08,54,50.402
786,-149.08,-29.85,4.02,54,50.451
787,-149.06,-29.95,3.98,54,50.498
788,-149.05,-30.09,4.06,54,50.559
789,-148.92,-29.92,3.96,54,50.604
790,-148.95,-30.16,4.11,54,50.653
791,-148.86,-30.15,4.14,54,50.703
792,-148.76,-30.06,4.10,54,50.762
793,-148.76,-30.09,4.02,54,50.810
794,-148.69,-30.09,4.06,54,50.858
795,-148.64,-30.03,4.10,54,50.906
796,-148.61,-30.00,4.02,55,51.054
797,-148.57,-29.89,3.92,55,51.116
798,-148.41,-30.08,3.79,55,51.177
799,-148.34,-30.40,3.83,55,51.238
800,-148.21,-30.62,3.78,55,51.301
801,-148.11,-30.76,3.67,55,51.347
802,-148.09,-31.03,3.72,55,51.394
803,-148.04,-31.24,3.84,55,51.453
804,-148.01,-31.47,3.99,55,51.500
805,-147.95,-31.66,4.08,55,51.550
806,-147.92,-31.84,4.25,55,51.595
807,-147.83,-31.95,4.40,55,51.641
808,-147.79,-31.99,4.22,55,51.701
809,-147.71,-32.07,4.25,55,51.748
810,-147.68,-32.23,4.39,55,51.805
811,-147.71,-32.49,4.55,56,51.959
812,-147.71,-32.67,4.73,56,52.023
813,-147.55,-32.63,4.53,56,52.084
814,-147.45,-32.68,4.48,56,52.132
815,-147.34,-32.95,4.72,56,52.192
816,-147.13,-32.91,4.63,56,52.240
817,-147.06,-33.03,4.63,56,52.287
818,-146.99,-33.09,4.64,56,52.337
819,-146.87,-33.09,4.56,56,52.384
820,-146.71,-33.07,4.52,56,52.445
821,-146.56,-33.02,4.46,56,52.490
822,-146.44,-33.01,4.39,56,52.537
823,-146.33,-32.98,4.34,56,52.584
824,-146.28,-32.92,4.22,56,52.633
825,-146.17,-32.81,4.12,56,52.694
826,-146.08,-32.71,4.02,57,52.847
827,-146.05,-32.78,4.00,57,52.908
828,-145.96,-32.75,3.90,57,52.954
829,-145.89,-32.84,3.92,57,53.001
830,-145.80,-32.82,3.86,57,53.050
831,-145.70,-32.85,3.89,57,53.111
832,-145.67,-32.94,3.91,57,53.172
833,-145.66,-33.06,3.99,57,53.219
834,-145.55,-33.04,4.00,57,53.266
835,-145.42,-32.97,3.90,57,53.312
836,-145.35,-32.98,3.83,57,53.360
837,-145.37,-33.07,3.77,57,53.406
838,-145.39,-33.16,3.72,57,53.453
839,-145.35,-33.18,3.76,57,53.497
840,-145.29,-33.13,3.68,57,53.543
841,-145.21,-33.03,3.65,58,53.696
842,-145.13,-33.08,3.68,58,53.760
843,-145.06,-33.12,3.71,58,53.807
844,-144.99,-33.15,3.74,58,53.852
845,-144.93,-33.18,3.84,58,53.916
846,-144.91,-33.32,3.89,58,53.962
847,-144.77,-33.25,3.86,58,54.022
848,-144.72,-33.36,3.89,58,54.070
849,-144.61,-33.34,3.91,58,54.131
850,-144.53,-33.36,3.92,58,54.179
851,-144.43,-33.35,4.05,58,54.239
852,-144.39,-33.36,4.02,58,54.301
853,-144.30,-33.31,4.05,58,54.349
854,-144.26,-33.33,4.05,58,54.398
855,-144.22,-33.34,4.10,58,54.445
856,-144.18,-33.37,4.12,59,54.602
857,-144.11,-33.36,4.06,59,54.647
858,-144.08,-33.52,4.13,59,54.692
859,-144.02,-33.86,4.23,59,54.738
860,-143.92,-34.06,4.25,59,54.786
861,-143.85,-34.25,4.18,59,54.848
862,-143.71,-34.33,4.18,59,54.909
863,-143.65,-34.49,4.12,59,54.955
864,-143.58,-34.61,4.15,59,55.005
865,-143.52,-34.65,4.01,59,55.052
866,-143.49,-34.79,4.05,59,55.097
867,-143.43,-34.81,4.02,59,55.146
868,-143.40,-34.92,4.06,59,55.193
869,-143.28,-34.85,4.02,59,55.240
870,-143.21,-34.90,3.97,59,55.287
871,-143.17,-34.94,3.88,60,55.444
872,-143.13,-34.98,3.91,60,55.492
873,-143.11,-35.01,3.76,60,55.539
874,-143.03,-35.16,3.86,60,55.599
875,-142.90,-35.21,3.90,60,55.645
876,-142.76,-35.28,4.03,60,55.692
877,-142.65,-35.25,3.97,60,55.739
878,-142.57,-35.24,4.00,60,55.786
879,-142.52,-35.26,3.95,60,55.848
880,-142.43,-35.33,4.08,60,55.913
881,-142.34,-35.40,4.20,60,55.972
882,-142.31,-35.42,4.09,60,56.022
883,-142.22,-35.37,4.08,60,56.082
884,-142.21,-35.48,4.14,60,56.143
885,-142.21,-35.56,4.18,60,56.206
886,-142.14,-35.55,4.26,61,56.361
887,-142.07,-35.50,4.23,61,56.407
888,-142.12,-35.62,4.17,61,56.468
889,-142.10,-35.88,4.03,61,56.516
890,-141.98,-36.03,3.95,61,56.563
891,-141.88,-36.12,3.80,61,56.611
892,-141.80,-36.27,3.74,61,56.657
893,-141.74,-36.36,3.63,61,56.703
894,-141.76,-36.59,3.52,61,56.749
895,-141.64,-36.57,3.33,61,56.799
896,-141.64,-36.75,3.25,61,56.859
897,-141.59,-36.84,3.22,61,56.905
898,-141.49,-36.81,3.06,61,56.952
899,-141.49,-36.95,3.00,61,56.999
900,-141.46,-37.02,3.03,61,57.046
901,-141.44,-37.18,3.12,62,57.201
902,-141.39,-37.24,3.08,62,57.263
903,-141.37,-37.46,3.13,62,57.311
904,-141.33,-37.64,3.17,62,57.359
905,-141.29,-37.80,3.28,62,57.407
906,-141.18,-37.79,3.14,62,57.471
907,-141.12,-37.89,3.21,62,57.518
908,-141.04,-37.88,3.17,62,57.564
909,-141.02,-38.08,3.33,62,57.623
910,-141.03,-38.22,3.31,62,57.673
911,-141.01,-38.32,3.40,62,57.735
912,-141.03,-38.44,3.37,62,57.796
913,-140.95,-38.45,3.50,62,57.845
914,-140.85,-38.35,3.37,62,57.905
915,-140.85,-38.52,3.59,62,57.968
916,-140.82,-38.48,3.55,63,58.123
917,-140.83,-38.54,3.57,63,58.172
918,-140.76,-38.55,3.44,63,58.232
919,-140.68,-38.70,3.60,63,58.278
920,-140.61,-38.83,3.63,63,58.325
921,-140.54,-38.85,3.54,63,58.375
922,-140.40,-38.80,3.46,63,58.435
923,-140.33,-38.82,3.45,63,58.484
924,-140.29,-38.84,3.38,63,58.533
925,-140.18,-38.78,3.39,63,58.581
926,-140.12,-38.78,3.32,63,58.629
927,-140.10,-38.80,3.26,63,58.675
928,-140.11,-38.86,3.21,63,58.722
929,-140.06,-38.84,3.08,63,58.769
930,-139.95,-38.71,2.92,63,58.816
931,-139.88,-38.68,2.90,64,58.971
932,-139.83,-38.60,2.84,64,59.017
933,-139.75,-38.64,2.75,64,59.065
934,-139.67,-38.75,2.82,64,59.125
935,-139.59,-38.86,2.91,64,59.173
936,-139.53,-38.95,2.88,64,59.235
937,-139.44,-39.00,2.94,64,59.280
938,-139.36,-39.02,2.99,64,59.328
939,-139.21,-38.91,2.93,64,59.375
940,-139.12,-38.94,3.02,64,59.422
941,-139.07,-39.05,3.23,64,59.486
942,-139.05,-39.12,3.16,64,59.531
943,-139.01,-39.21,3.34,64,59.578
944,-138.93,-39.26,3.49,64,59.625
945,-138.86,-39.30,3.56,64,59.672
946,-138.84,-39.31,3.46,65,59.826
947,-138.72,-39.29,3.43,65,59.871
948,-138.64,-39.30,3.39,65,59.918
949,-138.51,-39.25,3.36,65,59.964
950,-138.45,-39.51,3.42,65,60.010
951,-138.43,-39.77,3.29,65,60.057
952,-138.35,-39.95,3.35,65,60.106
953,-138.28,-40.03,3.14,65,60.155
954,-138.18,-40.07,3.06,65,60.214
955,-138.09,-40.19,3.13,65,60.263
956,-138.01,-40.29,3.11,65,60.310
957,-138.00,-40.38,3.15,65,60.373
958,-138.06,-40.66,3.22,65,60.419
959,-138.05,-40.71,3.04,65,60.466
960,-138.01,-40.73,2.90,65,60.512
961,-137.97,-40.73,2.74,66,60.665
962,-137.93,-40.81,2.77,66,60.711
963,-137.90,-40.88,2.87,66,60.759
964,-137.81,-40.95,2.93,66,60.820
965,-137.66,-40.94,3.08,66,60.882
966,-137.62,-41.05,3.12,66,60.944
968,-137.52,-41.06,3.16,66,61.055
969,-137.53,-41.25,3.35,66,61.101
970,-137.47,-41.28,3.38,66,61.162
971,-137.52,-41.42,3.40,66,61.207
972,-137.46,-41.43,3.41,66,61.257
973,-137.48,-41.60,3.61,66,61.305
974,-137.52,-41.69,3.58,66,61.354
975,-137.50,-41.71,3.59,66,61.402
976,-137.41,-41.68,3.51,67,61.557
977,-137.33,-41.64,3.44,67,61.608
978,-137.26,-41.60,3.27,67,61.655
979,-137.27,-41.86,3.08,67,61.703
980,-137.14,-42.04,3.16,67,61.750
981,-137.02,-42.06,2.91,67,61.796
982,-136.95,-42.18,3.02,67,61.859
983,-136.89,-42.29,3.11,67,61.905
984,-136.80,-42.35,3.02,67,61.953
985,-136.72,-42.48,3.03,67,62.013
986,-136.64,-42.60,3.03,67,62.062
987,-136.71,-42.84,3.03,67,62.107
988,-136.70,-43.07,3.19,67,62.168
989,-136.66,-43.09,3.18,67,62.216
990,-136.59,-43.07,3.08,67,62.263
991,-136.63,-43.23,2.99,68,62.419
992,-136.56,-43.20,2.83,68,62.481
993,-136.47,-43.29,2.83,68,62.542
994,-136.39,-43.38,2.83,68,62.591
995,-136.35,-43.56,2.91,68,62.652
996,-136.21,-43.47,2.74,68,62.697
997,-136.13,-43.51,2.93,68,62.744
998,-136.05,-43.53,2.92,68,62.791
999,-135.97,-43.56,2.91,68,62.838
1000,-135.94,-43.69,2.99,68,62.885
1001,-135.94,-43.77,2.89,68,62.934
1002,-135.88,-43.78,2.90,68,62.980
1003,-135.86,-43.81,2.91,68,63.042
1004,-135.90,-43.99,2.98,68,63.090
1005,-135.91,-44.04,2.98,68,63.138
1006,-135.92,-44.08,2.89,69,63.293
1007,-135.86,-44.28,2.94,69,63.337
1008,-135.71,-44.29,2.82,69,63.387
1009,-135.64,-44.44,2.79,69,63.447
1010,-135.57,-44.57,2.85,69,63.496
1011,-135.52,-44.69,2.90,69,63.556
1012,-135.53,-44.86,2.86,69,63.618
1013,-135.44,-44.91,2.74,69,63.666
1014,-135.37,-44.97,2.63,69,63.712
1015,-135.33,-45.04,2.62,69,63.773
1016,-135.30,-45.12,2.61,69,63.820
1017,-135.27,-45.33,2.84,69,63.863
1018,-135.24,-45.37,2.72,69,63.913
1019,-135.22,-45.41,2.61,69,63.960
1020,-135.23,-45.48,2.51,69,64.007
1021,-135.17,-45.47,2.42,70,64.164
1022,-135.05,-45.71,2.56,70,64.212
1023,-134.98,-45.95,2.60,70,64.258
1024,-134.89,-46.05,2.55,70,64.321
1025,-134.83,-46.25,2.57,70,64.366
1026,-134.79,-46.43,2.60,70,64.420
1027,-134.71,-46.57,2.54,70,64.477
1028,-134.64,-46.69,2.49,70,64.536
1029,-134.58,-46.79,2.53,70,64.583
1030,-134.55,-47.00,2.65,70,64.632
1031,-134.53,-47.12,2.58,70,64.693
1032,-134.51,-47.21,2.61,70,64.740
1033,-134.50,-47.30,2.54,70,64.787
1034,-134.48,-47.38,2.58,70,64.838
1035,-134.40,-47.31,2.54,70,64.897
1036,-134.33,-47.32,2.49,71,65.051
1037,-134.27,-47.26,2.45,71,65.098
1038,-134.31,-47.46,2.49,71,65.146
1039,-134.28,-47.72,2.41,71,65.205
1040,-134.16,-47.86,2.43,71,65.251
1041,-134.04,-47.97,2.45,71,65.312
1042,-133.98,-48.12,2.45,71,65.370
1043,-133.92,-48.24,2.38,71,65.417
1044,-133.83,-48.32,2.39,71,65.462
1045,-133.72,-48.29,2.33,71,65.512
1046,-133.71,-48.43,2.27,71,65.574
1047,-133.61,-48.46,2.30,71,65.619
1048,-133.59,-48.48,2.16,71,65.667
1049,-133.53,-48.46,2.14,71,65.711
1050,-133.48,-48.53,2.19,71,65.759
1051,-133.40,-48.47,2.07,72,65.916
1052,-133.37,-48.60,2.11,72,65.962
1053,-133.27,-48.59,2.08,72,66.009
1054,-133.25,-48.71,2.12,72,66.058
1055,-133.19,-48.78,2.15,72,66.104
1056,-133.18,-48.89,2.09,72,66.166
1057,-133.16,-48.98,2.04,72,66.227
1058,-133.06,-48.97,2.09,72,66.274
1059,-132.93,-48.93,2.04,72,66.318
1060,-132.80,-48.89,2.01,72,66.365
1061,-132.73,-48.87,1.95,72,66.412
1062,-132.72,-48.92,1.90,72,66.472
1063,-132.59,-48.84,1.87,72,66.520
1064,-132.57,-48.86,1.83,72,66.567
1065,-132.55,-48.88,1.79,72,66.617
1066,-132.47,-48.83,1.76,73,66.768
1067,-132.36,-48.84,1.73,73,66.816
1068,-132.33,-48.98,1.78,73,66.876
1069,-132.23,-49.04,1.83,73,66.924
1070,-132.15,-49.18,1.94,73,66.971
1071,-132.05,-49.27,2.05,73,67.017
1072,-131.98,-49.38,2.24,73,67.076
1073,-131.86,-49.35,2.34,73,67.126
1074,-131.74,-49.32,2.33,73,67.176
1075,-131.67,-49.39,2.48,73,67.224
1076,-131.68,-49.46,2.47,73,67.284
1077,-131.65,-49.49,2.55,73,67.329
1078,-131.62,-49.56,2.57,73,67.381
1079,-131.54,-49.58,2.69,73,67.441
1080,-131.52,-49.66,2.79,73,67.502
1081,-131.54,-49.68,2.74,74,67.660
1082,-131.56,-49.71,2.69,74,67.718
1083,-131.48,-49.93,2.77,74,67.768
1084,-131.38,-50.12,2.86,74,67.815
1085,-131.38,-50.29,2.77,74,67.863
1086,-131.32,-50.47,2.77,74,67.910
1087,-131.23,-50.60,2.76,74,67.971
1088,-131.12,-50.61,2.68,74,68.021
1089,-131.01,-50.61,2.54,74,68.065
1090,-130.91,-50.61,2.59,74,68.125
1091,-130.92,-50.76,2.60,74,68.170
1092,-130.88,-50.80,2.56,74,68.217
1093,-130.83,-50.83,2.51,74,68.267
1094,-130.90,-51.02,2.54,74,68.311
1095,-130.82,-50.98,2.50,74,68.360
1096,-130.74,-50.97,2.39,75,68.517
1097,-130.74,-51.13,2.48,75,68.577
1098,-130.65,-51.21,2.49,75,68.626
1099,-130.53,-51.18,2.45,75,68.671
1100,-130.52,-51.36,2.59,75,68.720
1101,-130.42,-51.37,2.51,75,68.767
1102,-130.42,-51.55,2.70,75,68.815
1103,-130.46,-51.83,2.84,75,68.864
1104,-130.42,-51.91,2.87,75,68.922
1105,-130.32,-51.87,2.76,75,68.983
1106,-130.26,-51.93,2.83,75,69.045
1107,-130.21,-51.97,2.87,75,69.090
1108,-130.12,-52.00,2.96,75,69.138
1109,-130.06,-52.04,3.04,75,69.198
1110,-130.00,-52.06,3.08,75,69.245
1111,-129.98,-52.12,2.95,76,69.402
1112,-129.89,-52.22,2.95,76,69.448
1113,-129.85,-52.36,2.89,76,69.494
1114,-129.84,-52.59,3.00,76,69.541
1115,-129.80,-52.70,2.94,76,69.588
1116,-129.80,-52.83,2.89,76,69.635
1117,-129.69,-52.94,2.93,76,69.685
1118,-129.69,-53.10,2.95,76,69.737
1119,-129.64,-53.15,2.92,76,69.783
1120,-129.51,-53.09,2.85,76,69.833
1121,-129.54,-53.25,2.88,76,69.896
1122,-129.52,-53.29,2.73,76,69.942
1123,-129.57,-53.43,2.82,76,69.989
1124,-129.51,-53.50,2.87,76,70.049
1125,-129.51,-53.53,2.74,76,70.095
1126,-129.51,-53.63,2.80,77,70.251
1127,-129.50,-53.71,2.73,77,70.312
1128,-129.43,-53.71,2.69,77,70.372
1129,-129.43,-53.85,2.72,77,70.419
1130,-129.47,-54.01,2.73,77,70.466
1131,-129.41,-54.08,2.76,77,70.515
1132,-129.38,-54.09,2.76,77,70.576
1133,-129.36,-54.18,2.68,77,70.624
1134,-129.35,-54.19,2.63,77,70.685
1135,-129.30,-54.14,2.49,77,70.729
1136,-129.29,-54.14,2.46,77,70.779
1137,-129.19,-54.07,2.44,77,70.824
1138,-129.15,-54.06,2.45,77,70.873
1139,-129.16,-54.13,2.49,77,70.919
1140,-129.16,-54.20,2.54,77,70.968
1141,-129.08,-54.14,2.46,78,71.124
1142,-129.10,-54.37,2.49,78,71.172
1143,-129.00,-54.52,2.49,78,71.219
1144,-128.95,-54.69,2.47,78,71.280
1145,-128.82,-54.71,2.53,78,71.328
1146,-128.72,-54.76,2.50,78,71.375
1147,-128.69,-54.84,2.45,78,71.425
1148,-128.63,-54.89,2.40,78,71.470
1149,-128.57,-54.94,2.36,78,71.516
1150,-128.55,-55.01,2.33,78,71.575
1151,-128.47,-55.00,2.32,78,71.635
1152,-128.45,-55.06,2.31,78,71.683
1153,-128.38,-55.05,2.30,78,71.730
1154,-128.31,-55.04,2.29,78,71.775
1155,-128.33,-55.19,2.28,78,71.824
1156,-128.33,-55.23,2.17,79,71.975
1157,-128.29,-55.22,2.18,79,72.037
1158,-128.21,-55.34,2.35,79,72.099
1159,-128.14,-55.45,2.50,79,72.160
1160,-128.13,-55.57,2.51,79,72.222
1161,-128.10,-55.69,2.57,79,72.283
1162,-128.03,-55.73,2.57,79,72.345
1163,-127.94,-55.73,2.57,79,72.391
1164,-127.88,-55.76,2.58,79,72.440
1165,-127.76,-55.72,2.50,79,72.503
1166,-127.80,-55.85,2.56,79,72.548
1167,-127.70,-55.84,2.59,79,72.608
1168,-127.76,-55.97,2.53,79,72.656
1169,-127.70,-55.96,2.46,79,72.709
1170,-127.71,-56.03,2.44,79,72.765
1171,-127.66,-56.02,2.38,80,72.919
1172,-127.60,-56.01,2.35,80,72.965
1173,-127.55,-56.06,2.36,80,73.026
1174,-127.41,-56.03,2.32,80,73.074
1175,-127.38,-56.10,2.31,80,73.122
1176,-127.40,-56.41,2.32,80,73.170
1177,-127.41,-56.71,2.36,80,73.231
1178,-127.32,-56.79,2.30,80,73.278
1179,-127.26,-56.89,2.35,80,73.339
1180,-127.18,-56.96,2.32,80,73.387
1181,-127.14,-57.15,2.46,80,73.449
1182,-127.14,-57.25,2.47,80,73.495
1183,-127.10,-57.23,2.40,80,73.543
1184,-127.07,-57.22,2.35,80,73.617
1185,-127.00,-57.17,2.22,80,73.667
1186,-127.03,-57.27,2.26,81,73.824
1187,-127.00,-57.32,2.18,81,73.885
1188,-126.92,-57.34,2.09,81,73.932
1189,-126.80,-57.36,2.15,81,73.979
1190,-126.69,-57.38,2.10,81,74.041
1191,-126.71,-57.51,1.95,81,74.092
1192,-126.61,-57.53,1.95,81,74.150
1193,-126.61,-57.70,2.02,81,74.199
1194,-126.53,-57.67,1.96,81,74.260
1195,-126.48,-57.67,1.90,81,74.322
1196,-126.37,-57.61,1.85,81,74.368
1197,-126.32,-57.60,1.88,81,74.429
1198,-126.25,-57.60,1.94,81,74.474
1199,-126.27,-57.75,1.98,81,74.524
1200,-126.31,-57.90,2.02,81,74.584
1201,-126.25,-57.95,2.05,82,74.736
1202,-126.21,-57.90,1.96,82,74.794
1203,-126.13,-57.98,1.91,82,74.841
1204,-126.10,-58.26,2.06,82,74.889
1205,-126.08,-58.45,2.03,82,74.936
1206,-126.02,-58.55,2.07,82,74.997
1207,-126.02,-58.79,2.18,82,75.057
1208,-125.93,-58.84,2.20,82,75.119
1209,-125.85,-58.97,2.30,82,75.180
1210,-125.86,-59.09,2.24,82,75.227
1211,-125.88,-59.25,2.30,82,75.274
1212,-125.92,-59.45,2.38,82,75.334
1213,-125.86,-59.50,2.32,82,75.381
1214,-125.86,-59.53,2.27,82,75.430
1215,-125.80,-59.60,2.36,82,75.478
1216,-125.74,-59.61,2.40,83,75.634
1217,-125.68,-59.59,2.30,83,75.680
1218,-125.66,-59.67,2.35,83,75.727
1219,-125.51,-59.62,2.24,83,75.789
1220,-125.42,-59.64,2.21,83,75.836
1221,-125.26,-59.55,2.12,83,75.880
1222,-125.23,-59.58,2.04,83,75.931
1223,-125.20,-59.61,1.96,83,75.995
1224,-125.10,-59.60,1.89,83,76.051
1225,-125.05,-59.59,1.94,83,76.099
1226,-124.96,-59.61,1.94,83,76.147
1227,-124.81,-59.48,1.95,83,76.195
1228,-124.79,-59.55,1.95,83,76.249
1229,-124.70,-59.55,2.03,83,76.297
1230,-124.62,-59.53,2.10,83,76.342
1231,-124.60,-59.65,2.07,84,76.499
1232,-124.56,-59.86,2.14,84,76.546
1233,-124.46,-59.92,2.03,84,76.592
1234,-124.45,-60.08,2.04,84,76.641
1235,-124.36,-60.19,2.01,84,76.701
1236,-124.37,-60.34,1.94,84,76.750
1237,-124.29,-60.41,1.89,84,76.796
1238,-124.25,-60.49,1.76,84,76.842
1239,-124.19,-60.55,1.76,84,76.902
1240,-124.08,-60.57,1.82,84,76.949
1241,-124.13,-60.69,1.78,84,76.997
1242,-124.10,-60.76,1.74,84,77.058
1243,-124.09,-60.83,1.73,84,77.119
1244,-124.11,-60.97,1.69,84,77.181
1245,-124.00,-60.93,1.73,84,77.231
1246,-124.07,-61.13,1.76,85,77.384
1247,-124.15,-61.38,1.74,85,77.440
1248,-124.09,-61.49,1.75,85,77.488
1249,-124.02,-61.56,1.66,85,77.536
1250,-124.04,-61.81,1.78,85,77.583
1251,-123.97,-61.85,1.73,85,77.645
1252,-123.85,-61.80,1.64,85,77.706
1253,-123.77,-61.91,1.77,85,77.754
1254,-123.69,-61.96,1.71,85,77.815
1255,-123.59,-61.99,1.70,85,77.861
1256,-123.56,-62.11,1.75,85,77.908
1257,-123.56,-62.14,1.62,85,77.956
1258,-123.60,-62.27,1.72,85,78.003
1259,-123.58,-62.37,1.76,85,78.050
1260,-123.58,-62.51,1.95,85,78.112
1261,-123.50,-62.48,2.01,86,78.265
1262,-123.46,-62.49,1.99,86,78.313
1263,-123.39,-62.53,2.00,86,78.363
1264,-123.33,-62.62,1.96,86,78.421
1265,-123.25,-62.66,2.01,86,78.470
1266,-123.14,-62.66,2.05,86,78.522
1267,-123.07,-62.68,2.02,86,78.569
1268,-123.06,-62.82,2.09,86,78.633
1269,-123.01,-62.84,2.12,86,78.685
1270,-122.98,-62.97,2.22,86,78.733
1271,-122.79,-62.87,2.21,86,78.777
1272,-122.78,-62.93,2.20,86,78.823
1273,-122.74,-63.03,2.25,86,78.871
1274,-122.76,-63.17,2.34,86,78.920
1275,-122.66,-63.07,2.28,86,78.964
1276,-122.63,-63.08,2.26,87,79.119
1277,-122.66,-63.21,2.38,87,79.181
1278,-122.71,-63.35,2.34,87,79.229
1279,-122.59,-63.32,2.31,87,79.289
1280,-122.52,-63.38,2.38,87,79.337
1281,-122.52,-63.45,2.27,87,79.389
1282,-122.47,-63.45,2.18,87,79.447
1283,-122.42,-63.45,2.09,87,79.496
1284,-122.36,-63.43,2.13,87,79.555
1285,-122.27,-63.38,2.11,87,79.604
1286,-122.24,-63.38,2.04,87,79.649
1287,-122.19,-63.37,2.03,87,79.713
1288,-122.16,-63.38,2.06,87,79.774
1289,-122.06,-63.30,2.05,87,79.824
1290,-122.08,-63.37,1.96,87,79.883
1291,-122.09,-63.40,1.90,88,80.032
1292,-122.06,-63.44,1.90,88,80.085
1293,-121.98,-63.59,1.85,88,80.131
1294,-121.89,-63.71,1.80,88,80.180
1295,-121.84,-63.81,1.82,88,80.241
1296,-121.76,-63.90,1.84,88,80.291
1297,-121.77,-64.11,1.94,88,80.349
1298,-121.71,-64.22,1.97,88,80.396
1299,-121.68,-64.41,2.12,88,80.458
1300,-121.58,-64.45,2.12,88,80.504
1301,-121.55,-64.50,2.07,88,80.552
1302,-121.50,-64.56,2.04,88,80.599
1303,-121.50,-64.69,2.10,88,80.650
1304,-121.55,-64.93,2.21,88,80.712
1305,-121.58,-65.09,2.33,88,80.769
1306,-121.55,-65.17,2.40,89,80.926
1307,-121.60,-65.29,2.35,89,80.969
1308,-121.50,-65.24,2.34,89,81.019
1309,-121.44,-65.17,2.13,89,81.066
1310,-121.49,-65.37,2.10,89,81.118
1311,-121.49,-65.64,2.22,89,81.181
1312,-121.43,-65.74,2.20,89,81.237
1313,-121.37,-65.82,2.18,89,81.286
1314,-121.37,-66.04,2.34,89,81.347
1315,-121.30,-66.18,2.52,89,81.395
1316,-121.34,-66.35,2.50,89,81.457
1317,-121.40,-66.43,2.29,89,81.515
1318,-121.45,-66.51,2.22,89,81.577
1319,-121.45,-66.52,2.14,89,81.642
1320,-121.46,-66.55,2.09,89,81.699
1321,-121.50,-66.70,2.06,90,81.857
1322,-121.38,-66.61,2.04,90,81.916
1323,-121.29,-66.61,1.95,90,81.977
1324,-121.23,-66.69,2.06,90,82.040
1325,-121.19,-66.72,2.03,90,82.101
1326,-121.16,-66.75,2.01,90,82.161
1327,-121.04,-66.64,1.90,90,82.222
1328,-120.98,-66.64,1.89,90,82.279
1329,-120.89,-66.59,1.88,90,82.335
1330,-120.81,-66.57,1.79,90,82.385
1331,-120.82,-66.58,1.70,90,82.441
1332,-120.76,-66.56,1.65,90,82.504
1333,-120.74,-66.56,1.62,90,82.567
1334,-120.69,-66.56,1.67,90,82.615
1335,-120.71,-66.57,1.64,90,82.666
1336,-120.62,-66.52,1.63,91,82.813
1337,-120.53,-66.47,1.63,91,82.870
1338,-120.54,-66.60,1.64,91,82.918
1339,-120.52,-66.76,1.67,91,82.966
1340,-120.48,-66.88,1.59,91,83.013
1341,-120.49,-67.05,1.56,91,83.070
1342,-120.51,-67.20,1.54,91,83.122
1343,-120.48,-67.29,1.47,91,83.169
1344,-120.48,-67.40,1.47,91,83.231
1345,-120.44,-67.54,1.59,91,83.277
1346,-120.52,-67.80,1.71,91,83.323
1347,-120.52,-67.96,1.78,91,83.371
1348,-120.48,-67.90,1.67,91,83.419
1349,-120.45,-67.97,1.68,91,83.466
1350,-120.48,-68.02,1.63,91,83.512
1351,-120.41,-68.07,1.80,92,83.666
1352,-120.36,-68.08,1.74,92,83.713
1353,-120.23,-68.01,1.68,92,83.762
1354,-120.15,-68.05,1.63,92,83.820
1355,-120.12,-68.16,1.68,92,83.868
1356,-119.99,-68.12,1.70,92,83.929
1357,-119.94,-68.20,1.77,92,83.993
1358,-119.79,-68.14,1.80,92,84.040
1359,-119.71,-68.12,1.81,92,84.086
1360,-119.65,-68.09,1.74,92,84.135
1361,-119.67,-68.16,1.68,92,84.194
1362,-119.67,-68.29,1.72,92,84.262
1363,-119.56,-68.21,1.71,92,84.320
1364,-119.45,-68.17,1.77,92,84.368
1365,-119.39,-68.12,1.72,92,84.427
1366,-119.35,-68.09,1.64,93,84.582
1367,-119.37,-68.12,1.55,93,84.643
1368,-119.31,-68.12,1.56,93,84.691
1369,-119.26,-68.16,1.64,93,84.739
1370,-119.14,-68.16,1.83,93,84.793
1371,-119.03,-68.12,1.89,93,84.838
1372,-119.09,-68.26,1.91,93,84.888
1373,-119.02,-68.25,1.85,93,84.937
1374,-119.01,-68.34,1.94,93,84.982
1375,-118.99,-68.36,1.97,93,85.030
1376,-118.94,-68.30,1.88,93,85.091
1377,-118.99,-68.45,2.03,93,85.137
1378,-118.95,-68.35,1.89,93,85.185
1379,-118.94,-68.43,1.96,93,85.231
1380,-118.89,-68.36,1.95,93,85.292
1381,-118.84,-68.32,1.86,94,85.450
1382,-118.84,-68.26,1.74,94,85.498
1383,-118.80,-68.41,1.79,94,85.554
1384,-118.72,-68.61,2.00,94,85.603
1385,-118.63,-68.66,2.03,94,85.651
1386,-118.58,-68.75,2.00,94,85.700
1387,-118.53,-68.77,2.00,94,85.749
1388,-118.52,-68.87,1.93,94,85.806
1389,-118.53,-68.94,1.83,94,85.854
1390,-118.49,-69.05,1.86,94,85.915
1391,-118.41,-69.03,1.83,94,85.960
1392,-118.39,-69.08,1.79,94,86.007
1393,-118.39,-69.16,1.75,94,86.059
1394,-118.35,-69.22,1.78,94,86.106
1395,-118.38,-69.30,1.74,94,86.156
1396,-118.42,-69.34,1.60,95,86.311
1397,-118.36,-69.43,1.69,95,86.357
1398,-118.24,-69.60,1.74,95,86.404
1399,-118.28,-69.90,1.80,95,86.453
1400,-118.23,-70.14,1.89,95,86.513
1401,-118.23,-70.29,1.82,95,86.558
1402,-118.23,-70.48,1.81,95,86.607
1403,-118.20,-70.63,1.81,95,86.654
1404,-118.08,-70.66,1.90,95,86.714
1405,-118.07,-70.74,1.79,95,86.759
1406,-118.11,-70.86,1.73,95,86.809
1407,-118.05,-70.87,1.62,95,86.856
1408,-117.97,-70.85,1.63,95,86.904
1409,-117.89,-70.83,1.59,95,86.952
1410,-117.94,-70.98,1.66,95,86.999
1411,-117.88,-71.02,1.72,96,87.158
1412,-117.87,-71.09,1.72,96,87.203
1413,-117.79,-70.98,1.56,96,87.249
1414,-117.72,-71.10,1.58,96,87.296
1415,-117.61,-71.14,1.53,96,87.356
1416,-117.53,-71.21,1.43,96,87.405
1417,-117.47,-71.33,1.56,96,87.453
1418,-117.44,-71.47,1.56,96,87.512
1419,-117.35,-71.53,1.57,96,87.572
1420,-117.32,-71.63,1.62,96,87.620
1421,-117.37,-71.75,1.57,96,87.669
1422,-117.29,-71.78,1.58,96,87.714
1423,-117.34,-71.93,1.69,96,87.760
1424,-117.28,-71.92,1.63,96,87.821
1425,-117.35,-71.98,1.47,96,87.886
1426,-117.36,-72.02,1.49,97,88.040
1427,-117.24,-71.93,1.45,97,88.101
1428,-117.29,-72.12,1.46,97,88.150
1429,-117.18,-72.13,1.42,97,88.210
1430,-117.08,-72.13,1.38,97,88.258
1431,-117.09,-72.24,1.34,97,88.303
1432,-117.03,-72.27,1.31,97,88.362
1433,-117.01,-72.32,1.28,97,88.412
1434,-116.92,-72.31,1.26,97,88.456
1435,-116.95,-72.45,1.23,97,88.505
1436,-116.89,-72.44,1.15,97,88.554
1437,-116.88,-72.53,1.19,97,88.613
1438,-116.87,-72.61,1.22,97,88.663
1439,-116.78,-72.59,1.25,97,88.722
1440,-116.75,-72.65,1.28,97,88.784
1441,-116.80,-72.81,1.42,98,88.937
1442,-116.71,-72.72,1.32,98,88.985
1443,-116.61,-72.68,1.18,98,89.045
1444,-116.51,-72.78,1.38,98,89.100
1445,-116.51,-72.96,1.49,98,89.154
1446,-116.48,-73.04,1.48,98,89.217
1447,-116.47,-73.13,1.48,98,89.263
1448,-116.39,-73.20,1.59,98,89.323
1449,-116.35,-73.23,1.58,98,89.367
1450,-116.25,-73.20,1.68,98,89.419
1451,-116.16,-73.23,1.83,98,89.479
1452,-116.16,-73.27,1.79,98,89.526
1453,-116.12,-73.28,1.82,98,89.575
1454,-116.08,-73.29,1.79,98,89.622
1455,-116.07,-73.31,1.76,98,89.681
1456,-116.05,-73.33,1.73,99,89.839
1457,-116.00,-73.31,1.76,99,89.886
1458,-116.00,-73.33,1.73,99,89.934
1459,-115.93,-73.29,1.70,99,89.995
1460,-115.91,-73.34,1.78,99,90.042
1461,-115.83,-73.38,1.85,99,90.105
1462,-115.76,-73.41,1.97,99,90.150
1463,-115.66,-73.40,2.03,99,90.196
1464,-115.57,-73.40,2.08,99,90.259
1465,-115.46,-73.37,2.18,99,90.321
1466,-115.43,-73.30,1.99,99,90.368
1467,-115.36,-73.25,1.88,99,90.429
1468,-115.33,-73.29,1.82,99,90.477
1469,-115.31,-73.23,1.68,99,90.536
1470,-115.32,-73.30,1.76,99,90.587
1471,-115.32,-73.36,1.72,100,90.740
1472,-115.26,-73.30,1.63,100,90.787
1473,-115.20,-73.41,1.61,100,90.847
1474,-115.13,-73.48,1.64,100,90.895
1475,-115.13,-73.55,1.55,100,90.943
1476,-115.11,-73.69,1.62,100,90.990
1477,-115.09,-73.77,1.58,100,91.051
1478,-114.99,-73.76,1.55,100,91.098
1479,-115.01,-73.85,1.52,100,91.159
1480,-115.02,-73.99,1.61,100,91.224
1481,-115.01,-74.04,1.57,100,91.271
1482,-114.94,-74.07,1.65,100,91.317
1483,-114.88,-74.05,1.61,100,91.378
1484,-114.90,-74.17,1.69,100,91.425
1485,-114.86,-74.16,1.64,100,91.472
1486,-114.85,-74.23,1.66,101,91.626
1487,-114.83,-74.28,1.73,101,91.672
1488,-114.78,-74.30,1.80,101,91.721
1489,-114.69,-74.31,1.90,101,91.780
1490,-114.63,-74.26,1.81,101,91.829
1491,-114.58,-74.30,1.86,101,91.875
1492,-114.45,-74.32,1.91,101,91.936
1493,-114.39,-74.40,2.02,101,91.983
1494,-114.36,-74.48,2.05,101,92.040
1495,-114.38,-74.55,1.98,101,92.105
1496,-114.31,-74.60,2.10,101,92.162
1497,-114.29,-74.67,2.14,101,92.211
1498,-114.31,-74.77,2.15,101,92.258
1499,-114.31,-74.79,2.07,101,92.307
1500,-114.25,-74.76,2.12,101,92.369
1501,-114.18,-74.80,2.20,102,92.523
1502,-114.10,-74.67,2.11,102,92.570
1503,-114.10,-74.74,2.14,102,92.617
1504,-114.04,-74.63,2.02,102,92.664
1505,-113.90,-74.59,2.03,102,92.723
1506,-113.88,-74.66,1.94,102,92.772
1507,-113.82,-74.73,1.91,102,92.819
1508,-113.77,-74.80,1.88,102,92.880
1509,-113.80,-74.93,1.84,102,92.926
1510,-113.83,-75.01,1.76,102,92.986
1511,-113.82,-75.03,1.69,102,93.036
1512,-113.89,-75.18,1.74,102,93.096
1513,-113.87,-75.18,1.67,102,93.158
1514,-113.89,-75.23,1.72,102,93.205
1515,-113.89,-75.26,1.59,102,93.252
1516,-113.85,-75.29,1.66,103,93.404
1517,-113.86,-75.37,1.77,103,93.453
1518,-113.87,-75.38,1.70,103,93.515
1519,-113.73,-75.36,1.70,103,93.562
1520,-113.63,-75.42,1.77,103,93.623
1521,-113.51,-75.39,1.69,103,93.671
1522,-113.47,-75.37,1.65,103,93.733
1523,-113.43,-75.39,1.63,103,93.793
1524,-113.35,-75.35,1.55,103,93.853
1525,-113.26,-75.28,1.47,103,93.902
1526,-113.26,-75.34,1.48,103,93.949
1527,-113.20,-75.34,1.51,103,93.994
1528,-113.13,-75.27,1.41,103,94.043
1529,-113.11,-75.34,1.54,103,94.088
1530,-113.15,-75.47,1.65,103,94.138
1531,-113.10,-75.50,1.70,104,94.284
1532,-113.01,-75.44,1.70,104,94.329
1533,-113.02,-75.52,1.75,104,94.376
1534,-112.92,-75.40,1.65,104,94.438
1535,-112.88,-75.48,1.70,104,94.486
1536,-112.86,-75.47,1.70,104,94.533
1537,-112.75,-75.38,1.58,104,94.593
1538,-112.70,-75.35,1.51,104,94.644
1539,-112.68,-75.42,1.62,104,94.692
1540,-112.63,-75.41,1.67,104,94.755
1541,-112.59,-75.42,1.74,104,94.803
1542,-112.60,-75.46,1.72,104,94.865
1543,-112.60,-75.61,1.90,104,94.921
1544,-112.57,-75.65,1.99,104,94.971
1545,-112.54,-75.62,1.94,104,95.016
1546,-112.51,-75.59,1.96,105,95.172
1547,-112.45,-75.61,1.96,105,95.232
1548,-112.39,-75.65,1.97,105,95.277
1549,-112.34,-75.69,1.92,105,95.340
1550,-112.29,-75.68,1.83,105,95.386
1551,-112.25,-75.73,1.89,105,95.434
1552,-112.28,-75.82,1.86,105,95.482
1553,-112.32,-75.92,1.82,105,95.545
1554,-112.28,-75.89,1.76,105,95.592
1555,-112.21,-75.87,1.79,105,95.640
1556,-112.15,-75.85,1.83,105,95.702
1557,-112.13,-75.87,1.86,105,95.749
1558,-112.09,-75.78,1.78,105,95.797
1559,-112.03,-75.71,1.76,105,95.858
1560,-111.93,-75.62,1.75,105,95.908
1561,-111.93,-75.62,1.68,106,96.063
1562,-111.97,-75.70,1.66,106,96.124
1563,-111.97,-75.90,1.71,106,96.184
1564,-111.91,-76.02,1.69,106,96.233
1565,-111.90,-76.23,1.73,106,96.293
1566,-111.84,-76.25,1.65,106,96.349
1567,-111.85,-76.39,1.57,106,96.404
1568,-111.85,-76.51,1.57,106,96.450
1569,-111.81,-76.57,1.56,106,96.499
1570,-111.82,-76.74,1.68,106,96.561
1571,-111.84,-76.84,1.60,106,96.607
1572,-111.78,-76.81,1.55,106,96.670
1573,-111.76,-76.86,1.55,106,96.715
1574,-111.75,-76.87,1.50,106,96.777
1575,-111.72,-76.98,1.66,106,96.824
1576,-111.73,-77.03,1.65,107,96.980
1577,-111.70,-77.03,1.55,107,97.041
1578,-111.68,-77.08,1.59,107,97.103
1579,-111.63,-77.07,1.52,107,97.149
1580,-111.55,-77.01,1.52,107,97.211
1581,-111.55,-77.08,1.54,107,97.256
1582,-111.60,-77.19,1.56,107,97.318
1583,-111.56,-77.16,1.50,107,97.370
1584,-111.54,-77.25,1.60,107,97.427
1585,-111.51,-77.32,1.69,107,97.475
1586,-111.47,-77.27,1.61,107,97.536
1587,-111.44,-77.23,1.60,107,97.583
1588,-111.46,-77.24,1.53,107,97.630
1589,-111.48,-77.25,1.47,107,97.691
1590,-111.45,-77.22,1.41,107,97.753
1591,-111.41,-77.17,1.31,108,97.907
1592,-111.39,-77.19,1.31,108,97.953
1593,-111.35,-77.24,1.43,108,98.002
1594,-111.34,-77.25,1.31,108,98.063
1595,-111.24,-77.21,1.32,108,98.122
1596,-111.09,-77.22,1.48,108,98.169
1597,-111.08,-77.27,1.48,108,98.217
1598,-111.05,-77.29,1.47,108,98.264
1599,-111.00,-77.30,1.62,108,98.310
1600,-110.90,-77.31,1.72,108,98.372
1601,-110.87,-77.31,1.69,108,98.433
1602,-110.77,-77.30,1.79,108,98.480
1603,-110.92,-77.50,1.90,108,98.529
1604,-110.83,-77.48,1.92,108,98.591
1605,-110.81,-77.53,1.99,108,98.646
1606,-110.79,-77.59,2.08,109,98.811
1607,-110.85,-77.64,2.02,109,98.870
1608,-110.87,-77.75,2.06,109,98.917
1609,-110.90,-77.76,1.94,109,98.961
1610,-110.83,-77.73,1.89,109,99.009
1611,-110.75,-77.69,1.80,109,99.061
1612,-110.69,-77.71,1.84,109,99.119
1613,-110.64,-77.75,1.88,109,99.166
1614,-110.61,-77.72,1.86,109,99.214
1615,-110.55,-77.66,1.77,109,99.277
1616,-110.50,-77.66,1.77,109,99.341
1617,-110.51,-77.77,1.82,109,99.388
1618,-110.52,-77.82,1.79,109,99.446
1619,-110.53,-77.87,1.90,109,99.492
1620,-110.52,-77.84,1.81,109,99.540
1621,-110.51,-77.87,1.87,110,99.691
1622,-110.48,-77.87,1.76,110,99.740
1623,-110.51,-78.02,1.82,110,99.787
1624,-110.45,-78.04,1.77,110,99.847
1625,-110.41,-78.05,1.71,110,99.897
1626,-110.32,-78.01,1.69,110,99.954
1627,-110.29,-78.02,1.57,110,100.003
1628,-110.24,-78.00,1.50,110,100.063
1629,-110.19,-78.00,1.45,110,100.112
1630,-110.13,-78.03,1.41,110,100.157
1631,-110.14,-78.05,1.32,110,100.219
1632,-110.12,-78.09,1.27,110,100.266
1633,-110.04,-78.02,1.19,110,100.314
1634,-109.97,-77.98,1.27,110,100.376
1635,-109.95,-77.96,1.19,110,100.424
1636,-109.99,-78.12,1.34,111,100.577
1637,-109.92,-78.07,1.28,111,100.638
1638,-109.81,-78.01,1.22,111,100.699
1639,-109.81,-78.02,1.19,111,100.744
1640,-109.73,-78.07,1.18,111,100.793
1641,-109.61,-78.11,1.26,111,100.842
1642,-109.58,-78.20,1.30,111,100.889
1643,-109.63,-78.40,1.39,111,100.948
1644,-109.61,-78.50,1.44,111,101.009
1645,-109.52,-78.45,1.36,111,101.073
1646,-109.50,-78.46,1.36,111,101.120
1647,-109.47,-78.52,1.41,111,101.181
1648,-109.48,-78.59,1.43,111,101.228
1649,-109.48,-78.61,1.42,111,101.273
1650,-109.45,-78.65,1.51,111,101.324
1651,-109.48,-78.69,1.49,112,101.478
1652,-109.40,-78.62,1.43,112,101.532
1653,-109.36,-78.69,1.44,112,101.584
1654,-109.38,-78.87,1.55,112,101.632
1655,-109.38,-78.87,1.45,112,101.688
1656,-109.40,-78.97,1.43,112,101.736
1657,-109.26,-78.80,1.35,112,101.784
1658,-109.29,-78.91,1.34,112,101.848
1659,-109.31,-79.01,1.42,112,101.901
1660,-109.31,-79.15,1.59,112,101.955
1661,-109.35,-79.29,1.76,112,102.010
1662,-109.33,-79.23,1.72,112,102.062
1663,-109.34,-79.40,1.93,112,102.114
1664,-109.32,-79.47,2.02,112,102.183
1665,-109.31,-79.50,2.02,112,102.244
1666,-109.26,-79.42,1.94,113,102.392
1667,-109.25,-79.42,1.80,113,102.439
1668,-109.20,-79.34,1.64,113,102.496
1669,-109.20,-79.35,1.54,113,102.559
1670,-109.14,-79.33,1.51,113,102.607
1671,-109.08,-79.38,1.55,113,102.661
1672,-109.09,-79.38,1.52,113,102.708
1673,-109.10,-79.42,1.46,113,102.754
1674,-109.01,-79.33,1.41,113,102.813
1675,-109.00,-79.31,1.39,113,102.858
1676,-108.97,-79.28,1.24,113,102.905
1677,-108.99,-79.33,1.25,113,102.952
1678,-108.96,-79.29,1.14,113,103.008
1679,-108.90,-79.22,1.08,113,103.053
1680,-108.84,-79.19,1.11,113,103.100
1681,-108.85,-79.29,1.12,114,103.256
1682,-108.81,-79.23,1.07,114,103.303
1683,-108.79,-79.25,1.14,114,103.350
1684,-108.74,-79.28,1.18,114,103.398
1685,-108.74,-79.35,1.22,114,103.460
1686,-108.69,-79.36,1.25,114,103.510
1687,-108.65,-79.38,1.21,114,103.567
1688,-108.66,-79.43,1.20,114,103.631
1689,-108.53,-79.32,1.27,114,103.687
1690,-108.55,-79.32,1.17,114,103.735
1691,-108.50,-79.37,1.27,114,103.780
1692,-108.46,-79.37,1.29,114,103.828
1693,-108.39,-79.33,1.28,114,103.874
1694,-108.29,-79.16,1.10,114,103.936
1695,-108.28,-79.18,1.15,114,103.996
1696,-108.36,-79.34,1.22,115,104.150
1697,-108.31,-79.30,1.23,115,104.212
1698,-108.31,-79.39,1.26,115,104.259
1699,-108.29,-79.45,1.18,115,104.307
1700,-108.24,-79.52,1.24,115,104.369
1701,-108.14,-79.38,1.13,115,104.432
1702,-108.14,-79.44,1.15,115,104.493
1703,-108.08,-79.44,1.08,115,104.539
1704,-108.03,-79.50,1.22,115,104.585
1705,-108.00,-79.47,1.14,115,104.637
1706,-107.93,-79.44,1.11,115,104.682
1707,-107.89,-79.50,1.24,115,104.743
1708,-107.89,-79.45,1.09,115,104.795
1709,-107.93,-79.52,1.10,115,104.843
1710,-107.96,-79.52,1.04,115,104.901
1711,-107.95,-79.48,0.92,116,105.062
1712,-107.93,-79.52,0.94,116,105.118
1713,-107.85,-79.56,1.05,116,105.165
1714,-107.83,-79.65,1.16,116,105.209
1715,-107.77,-79.65,1.22,116,105.257
1716,-107.72,-79.69,1.30,116,105.304
1717,-107.64,-79.60,1.35,116,105.353
1718,-107.65,-79.66,1.35,116,105.397
1719,-107.65,-79.75,1.43,116,105.444
1720,-107.59,-79.78,1.48,116,105.500
1721,-107.51,-79.74,1.51,116,105.555
1722,-107.48,-79.72,1.54,116,105.618
1723,-107.45,-79.76,1.59,116,105.679
1724,-107.48,-79.83,1.64,116,105.740
1725,-107.46,-79.83,1.58,116,105.788
1726,-107.48,-79.86,1.56,117,105.934
1727,-107.42,-79.77,1.51,117,105.988
1728,-107.40,-79.77,1.49,117,106.050
1729,-107.33,-79.81,1.62,117,106.114
1730,-107.27,-79.84,1.66,117,106.176
1731,-107.23,-79.82,1.63,117,106.221
1732,-107.19,-79.80,1.61,117,106.268
1733,-107.15,-79.78,1.59,117,106.328
1734,-107.12,-79.77,1.57,117,106.374
1735,-107.08,-79.80,1.62,117,106.419
1736,-107.04,-79.81,1.53,117,106.467
1737,-107.06,-79.90,1.51,117,106.515
1738,-107.07,-79.93,1.53,117,106.573
1739,-107.09,-79.95,1.49,117,106.621
1740,-107.05,-79.90,1.48,117,106.681
1741,-106.99,-79.83,1.41,118,106.838
1742,-106.94,-79.85,1.47,118,106.900
1743,-106.89,-79.91,1.45,118,106.961
1744,-106.83,-80.02,1.50,118,107.007
1745,-106.77,-80.11,1.55,118,107.055
1746,-106.72,-80.14,1.59,118,107.103
1747,-106.63,-80.11,1.50,118,107.150
1748,-106.59,-80.20,1.61,118,107.196
1749,-106.57,-80.23,1.58,118,107.242
1750,-106.54,-80.30,1.68,118,107.301
1751,-106.51,-80.37,1.78,118,107.351
1752,-106.44,-80.39,1.79,118,107.396
1753,-106.42,-80.38,1.68,118,107.445
1754,-106.40,-80.43,1.71,118,107.504
1755,-106.39,-80.37,1.54,118,107.553
1756,-106.34,-80.39,1.58,119,107.706
1757,-106.39,-80.41,1.55,119,107.754
1758,-106.39,-80.38,1.50,119,107.800
1759,-106.36,-80.46,1.58,119,107.849
1760,-106.40,-80.52,1.44,119,107.898
1761,-106.31,-80.49,1.43,119,107.962
1762,-106.31,-80.58,1.45,119,108.022
1763,-106.35,-80.70,1.46,119,108.072
1764,-106.37,-80.72,1.27,119,108.117
1765,-106.30,-80.62,1.21,119,108.164
1766,-106.24,-80.53,1.08,119,108.212
1767,-106.23,-80.53,1.04,119,108.259
1768,-106.22,-80.60,1.09,119,108.320
1769,-106.22,-80.60,1.01,119,108.380
1770,-106.23,-80.61,0.94,119,108.426
1771,-106.22,-80.66,1.00,120,108.585
1772,-106.18,-80.68,1.06,120,108.649
1773,-106.17,-80.73,1.11,120,108.696
1774,-106.11,-80.78,1.16,120,108.739
1775,-106.06,-80.83,1.20,120,108.787
1776,-106.03,-80.83,1.17,120,108.849
1777,-105.97,-80.79,1.21,120,108.912
1778,-105.95,-80.79,1.25,120,108.958
1779,-106.02,-80.97,1.28,120,109.005
1780,-105.95,-80.91,1.21,120,109.050
1781,-105.93,-80.89,1.21,120,109.098
1782,-105.95,-80.98,1.32,120,109.146
1783,-105.89,-80.92,1.34,120,109.194
1784,-105.84,-80.87,1.30,120,109.242
1785,-105.88,-80.91,1.23,120,109.303
1786,-105.87,-80.91,1.27,121,109.457
1787,-105.82,-80.83,1.17,121,109.504
1788,-105.79,-80.80,1.11,121,109.551
1789,-105.71,-80.79,1.09,121,109.611
1790,-105.71,-80.78,1.01,121,109.657
1791,-105.67,-80.76,1.03,121,109.705
1792,-105.64,-80.79,1.12,121,109.768
1793,-105.59,-80.79,1.13,121,109.817
1794,-105.52,-80.74,1.14,121,109.877
1795,-105.46,-80.63,1.05,121,109.937
1796,-105.45,-80.64,1.07,121,109.984
1797,-105.42,-80.75,1.21,121,110.030
1798,-105.43,-80.79,1.28,121,110.078
1799,-105.42,-80.82,1.34,121,110.142
1800,-105.38,-80.73,1.30,121,110.200
1801,-105.40,-80.81,1.25,122,110.357
1802,-105.36,-80.74,1.12,122,110.418
1803,-105.36,-80.77,1.06,122,110.465
1804,-105.31,-80.81,1.15,122,110.513
1805,-105.31,-80.86,1.18,122,110.559
1806,-105.29,-80.78,1.06,122,110.606
1807,-105.23,-80.81,1.21,122,110.651
1808,-105.20,-80.79,1.28,122,110.699
1809,-105.22,-80.81,1.27,122,110.745
1810,-105.22,-80.89,1.33,122,110.792
1811,-105.19,-80.86,1.32,122,110.853
1812,-105.24,-81.01,1.41,122,110.899
1813,-105.24,-81.06,1.39,122,110.947
1814,-105.23,-81.10,1.44,122,110.995
1815,-105.16,-81.08,1.48,122,111.042
1816,-105.12,-81.08,1.52,123,111.196
1817,-105.15,-81.14,1.56,123,111.246
1818,-105.13,-81.12,1.56,123,111.293
1819,-105.10,-81.15,1.55,123,111.353
1820,-105.06,-81.17,1.55,123,111.405
1821,-105.02,-81.21,1.57,123,111.465
1822,-105.00,-81.23,1.63,123,111.527
1823,-104.94,-81.21,1.65,123,111.573
1824,-104.94,-81.24,1.63,123,111.620
1825,-105.00,-81.36,1.65,123,111.667
1826,-104.98,-81.34,1.60,123,111.728
1827,-104.91,-81.20,1.47,123,111.775
1828,-104.90,-81.19,1.36,123,111.822
1829,-104.89,-81.15,1.31,123,111.869
1830,-104.83,-81.09,1.27,123,111.917
1831,-104.83,-81.15,1.35,124,112.071
1832,-104.77,-81.12,1.30,124,112.132
1833,-104.76,-81.14,1.32,124,112.180
1834,-104.72,-81.13,1.24,124,112.229
1835,-104.69,-81.18,1.40,124,112.291
1836,-104.74,-81.28,1.37,124,112.352
1837,-104.66,-81.20,1.31,124,112.399
1838,-104.67,-81.21,1.26,124,112.460
1839,-104.68,-81.23,1.28,124,112.521
1840,-104.63,-81.19,1.30,124,112.570
1841,-104.59,-81.16,1.32,124,112.617
1842,-104.61,-81.21,1.37,124,112.666
1843,-104.58,-81.18,1.35,124,112.729
1844,-104.60,-81.20,1.36,124,112.774
1845,-104.62,-81.22,1.28,124,112.835
1846,-104.60,-81.20,1.23,125,112.990
1847,-104.56,-81.17,1.16,125,113.038
1848,-104.55,-81.12,1.16,125,113.084
1849,-104.53,-81.10,1.09,125,113.146
1850,-104.51,-81.12,1.09,125,113.192
1851,-104.46,-81.07,1.13,125,113.243
1852,-104.45,-81.13,1.20,125,113.291
1853,-104.43,-81.17,1.26,125,113.350
1854,-104.42,-81.20,1.32,125,113.399
1855,-104.44,-81.21,1.24,125,113.444
1856,-104.43,-81.24,1.30,125,113.493
1857,-104.39,-81.16,1.26,125,113.541
1858,-104.38,-81.14,1.25,125,113.600
1859,-104.39,-81.14,1.24,125,113.660
1860,-104.35,-81.14,1.30,125,113.708
1861,-104.41,-81.12,1.16,126,113.861
1862,-104.40,-81.13,1.29,126,113.907
1863,-104.41,-81.09,1.17,126,113.955
1864,-104.38,-81.22,1.26,126,114.015
1865,-104.23,-81.28,1.53,126,114.077
1866,-104.14,-81.22,1.49,126,114.125
1867,-104.08,-81.17,1.39,126,114.188
1868,-104.01,-81.12,1.37,126,114.233
1869,-103.91,-81.03,1.28,126,114.295
1870,-103.90,-81.12,1.42,126,114.340
1871,-103.86,-81.08,1.39,126,114.392
1872,-103.81,-81.08,1.42,126,114.448
1873,-103.78,-81.04,1.36,126,114.497
1874,-103.69,-81.09,1.61,126,114.558
1875,-103.70,-81.09,1.56,126,114.607
1876,-103.67,-81.11,1.66,127,114.760
1877,-103.70,-81.12,1.61,127,114.810
1878,-103.67,-81.15,1.63,127,114.857
1879,-103.68,-81.20,1.62,127,114.905
1880,-103.68,-81.28,1.62,127,114.966
1881,-103.68,-81.36,1.62,127,115.027
1882,-103.66,-81.32,1.53,127,115.089
1883,-103.60,-81.29,1.53,127,115.135
1884,-103.59,-81.26,1.45,127,115.196
1885,-103.57,-81.33,1.52,127,115.246
1886,-103.54,-81.41,1.65,127,115.306
1887,-103.51,-81.46,1.77,127,115.355
1888,-103.59,-81.50,1.73,127,115.417
1889,-103.58,-81.49,1.71,127,115.464
1890,-103.51,-81.49,1.73,127,115.511
1891,-103.54,-81.58,1.84,128,115.666
1892,-103.51,-81.63,2.00,128,115.714
1893,-103.50,-81.56,1.95,128,115.773
1894,-103.49,-81.57,1.96,128,115.832
1895,-103.44,-81.50,1.95,128,115.882
1896,-103.43,-81.58,2.03,128,115.928
1897,-103.39,-81.61,2.10,128,115.976
1898,-103.39,-81.54,1.93,128,116.023
1899,-103.43,-81.61,1.97,128,116.070
1900,-103.46,-81.64,1.82,128,116.117
1901,-103.49,-81.74,1.91,128,116.163
1902,-103.49,-81.74,1.90,128,116.210
1903,-103.47,-81.64,1.78,128,116.258
1904,-103.46,-81.70,1.88,128,116.318
1905,-103.46,-81.70,1.87,128,116.366
1906,-103.47,-81.64,1.76,129,116.520
1907,-103.46,-81.64,1.76,129,116.567
1908,-103.50,-81.67,1.69,129,116.614
1909,-103.45,-81.63,1.66,129,116.662
1910,-103.44,-81.62,1.54,129,116.708
1911,-103.39,-81.57,1.53,129,116.755
1912,-103.40,-81.53,1.31,129,116.804
1913,-103.34,-81.65,1.43,129,116.850
1914,-103.31,-81.68,1.40,129,116.911
1915,-103.28,-81.70,1.37,129,116.971
1916,-103.25,-81.71,1.38,129,117.020
1917,-103.26,-81.73,1.29,129,117.066
1918,-103.32,-81.90,1.38,129,117.125
1919,-103.33,-81.94,1.35,129,117.175
1920,-103.35,-81.98,1.32,129,117.219
1921,-103.31,-81.97,1.23,130,117.368
1922,-103.27,-82.05,1.43,130,117.417
1923,-103.19,-82.05,1.46,130,117.478
1924,-103.15,-82.14,1.66,130,117.525
1925,-103.12,-82.23,1.85,130,117.572
1926,-103.11,-82.27,1.91,130,117.619
1927,-103.07,-82.33,2.00,130,117.667
1928,-103.02,-82.31,1.97,130,117.725
1929,-103.06,-82.37,1.95,130,117.771
1930,-103.09,-82.40,1.85,130,117.820
1931,-103.06,-82.37,1.76,130,117.880
1932,-103.13,-82.52,1.84,130,117.928
1933,-103.10,-82.50,1.83,130,117.976
1934,-103.11,-82.53,1.79,130,118.037
1935,-103.13,-82.56,1.76,130,118.087
1936,-103.11,-82.66,1.98,131,118.240
1937,-103.07,-82.62,1.86,131,118.303
1938,-103.07,-82.64,1.80,131,118.348
1939,-103.03,-82.53,1.66,131,118.411
1940,-102.96,-82.49,1.62,131,118.458
1941,-102.96,-82.55,1.67,131,118.508
1942,-103.01,-82.56,1.57,131,118.554
1943,-103.01,-82.58,1.54,131,118.614
1944,-103.04,-82.70,1.63,131,118.676
1945,-103.02,-82.69,1.66,131,118.739
1946,-103.01,-82.75,1.74,131,118.800
1947,-103.00,-82.68,1.63,131,118.848
1948,-102.98,-82.67,1.63,131,118.895
1949,-102.93,-82.61,1.65,131,118.945
1950,-102.89,-82.57,1.61,131,119.004
1951,-102.85,-82.58,1.66,132,119.162
1952,-102.91,-82.72,1.74,132,119.208
1953,-102.91,-82.72,1.62,132,119.267
1954,-102.88,-82.75,1.73,132,119.315
1955,-102.83,-82.73,1.70,132,119.379
1956,-102.84,-82.75,1.68,132,119.427
1957,-102.85,-82.81,1.75,132,119.483
1958,-102.80,-82.81,1.77,132,119.531
1959,-102.85,-82.86,1.75,132,119.578
1960,-102.85,-82.84,1.63,132,119.642
1961,-102.82,-82.83,1.68,132,119.701
1962,-102.77,-82.76,1.65,132,119.749
1963,-102.74,-82.78,1.75,132,119.795
1964,-102.68,-82.76,1.77,132,119.856
1965,-102.71,-82.82,1.86,132,119.901
1966,-102.67,-82.82,1.87,133,120.060
1967,-102.70,-82.81,1.78,133,120.107
1968,-102.62,-82.67,1.68,133,120.168
1969,-102.65,-82.74,1.75,133,120.216
1970,-102.68,-82.80,1.82,133,120.263
1971,-102.65,-82.74,1.74,133,120.314
1972,-102.64,-82.61,1.60,133,120.373
1973,-102.58,-82.53,1.47,133,120.422
1974,-102.62,-82.55,1.43,133,120.467
1975,-102.61,-82.50,1.36,133,120.515
1976,-102.60,-82.54,1.40,133,120.575
1977,-102.61,-82.54,1.36,133,120.622
1978,-102.64,-82.62,1.39,133,120.683
1979,-102.61,-82.57,1.29,133,120.731
1980,-102.61,-82.62,1.40,133,120.791
1981,-102.60,-82.71,1.49,134,120.944
1982,-102.53,-82.66,1.49,134,121.005
1983,-102.47,-82.67,1.53,134,121.065
1984,-102.38,-82.65,1.63,134,121.114
1985,-102.38,-82.71,1.65,134,121.176
1986,-102.39,-82.78,1.72,134,121.222
1987,-102.36,-82.70,1.54,134,121.270
1988,-102.33,-82.66,1.46,134,121.315
1989,-102.26,-82.57,1.44,134,121.376
1990,-102.28,-82.61,1.46,134,121.424
1991,-102.25,-82.56,1.37,134,121.485
1992,-102.21,-82.61,1.47,134,121.534
1993,-102.20,-82.57,1.44,134,121.596
1994,-102.22,-82.56,1.27,134,121.642
1995,-102.25,-82.66,1.45,134,121.689
1996,-102.16,-82.65,1.47,135,121.847
1997,-102.14,-82.73,1.65,135,121.893
1998,-102.18,-82.82,1.72,135,121.954
1999,-102.11,-82.82,1.73,135,122.001
2000,-102.09,-82.86,1.80,135,122.048
2001,-102.12,-82.95,1.87,135,122.095
2002,-102.09,-83.06,2.05,135,122.140
2003,-102.03,-83.04,2.02,135,122.189
2004,-101.98,-82.99,2.04,135,122.236
2005,-102.02,-83.07,2.15,135,122.284
2006,-102.02,-83.05,2.10,135,122.332
2007,-102.05,-83.13,2.12,135,122.375
2008,-101.95,-83.04,2.13,135,122.425
2009,-101.86,-82.95,2.14,135,122.471
2010,-101.87,-82.98,2.17,135,122.522
2011,-101.83,-82.88,2.03,136,122.670
2012,-101.81,-82.83,2.01,136,122.720
2013,-101.86,-82.99,2.04,136,122.767
2014,-101.83,-83.02,2.13,136,122.828
2015,-101.84,-83.05,2.19,136,122.888
2016,-101.87,-83.02,2.11,136,122.950
2017,-101.83,-83.05,2.20,136,123.003
2018,-101.85,-83.06,2.22,136,123.053
2019,-101.87,-83.06,2.23,136,123.099
2020,-101.82,-83.01,2.18,136,123.147
2021,-101.74,-82.92,2.17,136,123.192
2022,-101.73,-82.88,2.11,136,123.242
2023,-101.77,-82.91,2.10,136,123.310
2024,-101.69,-82.90,2.18,136,123.367
2025,-101.74,-82.94,2.19,136,123.429
2026,-101.73,-82.99,2.26,137,123.580
2027,-101.72,-82.89,2.04,137,123.642
2028,-101.80,-82.97,2.05,137,123.704
2029,-101.82,-83.01,2.02,137,123.751
2030,-101.85,-83.05,2.00,137,123.796
2031,-101.81,-82.98,1.95,137,123.846
2032,-101.74,-82.97,2.06,137,123.903
2033,-101.77,-82.94,1.94,137,123.964
2034,-101.75,-82.91,1.84,137,124.024
2035,-101.73,-82.88,1.82,137,124.075
2036,-101.75,-82.97,1.87,137,124.133
2037,-101.77,-82.99,1.83,137,124.180
2038,-101.78,-83.07,1.97,137,124.228
2039,-101.80,-83.05,1.89,137,124.275
2040,-101.78,-83.01,1.90,137,124.321
2041,-101.76,-82.98,1.84,138,124.473
2042,-101.68,-82.99,1.91,138,124.520
2043,-101.68,-82.87,1.66,138,124.581
2044,-101.76,-82.99,1.70,138,124.628
2045,-101.77,-83.03,1.67,138,124.675
2046,-101.73,-83.00,1.71,138,124.732
2047,-101.74,-83.04,1.76,138,124.787
2048,-101.73,-83.00,1.72,138,124.837
2049,-101.75,-83.08,1.75,138,124.882
2050,-101.77,-83.14,1.84,138,124.928
2051,-101.73,-83.10,1.91,138,124.972
2052,-101.74,-83.13,1.83,138,125.018
2053,-101.75,-83.23,1.92,138,125.067
2054,-101.78,-83.22,1.86,138,125.124
2055,-101.76,-83.23,1.94,138,125.169
2056,-101.72,-83.16,1.90,139,125.321
2057,-101.73,-83.31,2.12,139,125.368
2058,-101.72,-83.19,1.93,139,125.430
2059,-101.75,-83.21,1.83,139,125.479
2060,-101.73,-83.15,1.80,139,125.539
2061,-101.66,-83.04,1.75,139,125.585
2062,-101.60,-82.95,1.71,139,125.633
2063,-101.55,-82.88,1.76,139,125.681
2064,-101.53,-82.91,1.79,139,125.727
2065,-101.57,-82.92,1.74,139,125.790
2066,-101.57,-82.92,1.77,139,125.836
2067,-101.52,-83.01,1.98,139,125.896
2068,-101.53,-82.98,1.92,139,125.943
2069,-101.52,-82.91,1.87,139,126.004
2070,-101.48,-82.84,1.82,139,126.051
2071,-101.48,-82.89,1.86,140,126.206
2072,-101.54,-82.91,1.90,140,126.267
2073,-101.54,-82.91,1.89,140,126.328
2074,-101.53,-82.89,1.84,140,126.375
2075,-101.57,-82.95,1.79,140,126.423
2076,-101.61,-83.01,1.82,140,126.469
2077,-101.66,-83.10,1.91,140,126.518
2078,-101.68,-83.18,1.97,140,126.567
2079,-101.67,-83.13,1.93,140,126.612
2080,-101.70,-83.20,1.99,140,126.673
2081,-101.68,-83.21,2.16,140,126.720
2082,-101.67,-83.18,2.15,140,126.770
2083,-101.65,-83.14,2.14,140,126.816
2084,-101.63,-83.10,2.20,140,126.871
2085,-101.66,-83.16,2.19,140,126.923
2086,-101.69,-83.24,2.22,141,127.078
2087,-101.66,-83.24,2.23,141,127.124
2088,-101.65,-83.11,2.00,141,127.170
2089,-101.58,-83.12,2.06,141,127.234
2090,-101.62,-83.11,2.02,141,127.284
2091,-101.66,-83.16,1.98,141,127.338
2092,-101.65,-83.11,1.91,141,127.386
2093,-101.69,-83.09,1.81,141,127.442
2094,-101.76,-83.18,1.84,141,127.488
2095,-101.77,-83.19,1.77,141,127.550
2096,-101.78,-83.19,1.84,141,127.599
2097,-101.79,-83.26,1.90,141,127.645
2098,-101.78,-83.14,1.73,141,127.706
2099,-101.75,-83.13,1.79,141,127.758
2100,-101.77,-83.12,1.75,141,127.818
2101,-101.74,-83.07,1.74,142,127.973
2102,-101.70,-83.04,1.82,142,128.021
2103,-101.73,-83.24,2.18,142,128.067
2104,-101.70,-83.13,2.03,142,128.119
2105,-101.65,-83.11,2.12,142,128.164
2106,-101.64,-83.07,2.08,142,128.227
2107,-101.68,-83.10,2.04,142,128.288
2108,-101.70,-83.14,2.06,142,128.335
2109,-101.84,-83.24,1.97,142,128.396
2110,-101.81,-83.21,1.98,142,128.440
2111,-101.79,-83.18,1.96,142,128.494
2112,-101.76,-83.14,1.95,142,128.555
2113,-101.74,-83.17,2.06,142,128.606
2114,-101.85,-83.26,1.94,142,128.655
2115,-101.86,-83.29,1.95,142,128.707
2116,-101.87,-83.20,1.75,143,128.855
2117,-101.88,-83.23,1.80,143,128.910
2118,-101.85,-83.11,1.62,143,128.959
2119,-101.81,-83.09,1.59,143,129.006
2120,-101.85,-83.26,1.78,143,129.065
2121,-101.82,-83.28,1.92,143,129.111
2122,-101.83,-83.33,1.98,143,129.167
2123,-101.82,-83.35,1.96,143,129.228
2124,-101.83,-83.32,1.91,143,129.278
2125,-101.84,-83.34,1.88,143,129.324
2126,-101.82,-83.30,1.90,143,129.370
2127,-101.87,-83.36,1.91,143,129.421
2128,-101.83,-83.39,1.95,143,129.478
2129,-101.82,-83.45,2.03,143,129.535
2130,-101.73,-83.47,2.19,143,129.583
2131,-101.70,-83.37,2.13,144,129.739
2132,-101.68,-83.29,2.05,144,129.787
2133,-101.65,-83.26,2.10,144,129.846
2134,-101.63,-83.20,2.03,144,129.898
2135,-101.71,-83.27,1.96,144,129.956
2136,-101.72,-83.33,1.95,144,130.012
2137,-101.73,-83.38,2.01,144,130.058
2138,-101.72,-83.34,1.97,144,130.105
2139,-101.74,-83.33,1.89,144,130.152
2140,-101.87,-83.46,1.91,144,130.199
2141,-101.83,-83.39,1.92,144,130.247
2142,-101.90,-83.44,1.91,144,130.295
2143,-101.86,-83.37,1.93,144,130.356
2144,-101.86,-83.29,1.71,144,130.403
2145,-101.82,-83.31,1.77,144,130.448
2146,-101.84,-83.34,1.85,145,130.604
2147,-101.79,-83.37,1.96,145,130.665
2148,-101.80,-83.48,2.13,145,130.712
2149,-101.81,-83.46,2.08,145,130.760
2150,-101.83,-83.48,2.04,145,130.807
2151,-101.85,-83.49,2.04,145,130.867
2152,-101.86,-83.49,2.06,145,130.914
2153,-101.82,-83.47,2.11,145,130.959
2154,-101.80,-83.39,1.99,145,131.007
2155,-101.78,-83.34,1.97,145,131.052
2156,-101.78,-83.32,1.89,145,131.103
2157,-101.80,-83.35,1.96,145,131.163
2158,-101.73,-83.23,1.93,145,131.211
2159,-101.70,-83.30,2.08,145,131.255
2160,-101.76,-83.38,2.15,145,131.301
2161,-101.70,-83.26,2.08,146,131.455
2162,-101.62,-83.24,2.08,146,131.504
2163,-101.61,-83.24,2.10,146,131.566
2164,-101.65,-83.28,2.10,146,131.626
2165,-101.63,-83.27,2.12,146,131.674
2166,-101.65,-83.30,2.16,146,131.722
2167,-101.68,-83.30,2.11,146,131.765
2168,-101.70,-83.41,2.24,146,131.811
2169,-101.69,-83.32,2.04,146,131.859
2170,-101.67,-83.27,2.05,146,131.921
2171,-101.65,-83.22,2.02,146,131.970
2172,-101.64,-83.19,1.94,146,132.016
2173,-101.72,-83.18,1.72,146,132.074
2174,-101.71,-83.07,1.62,146,132.120
2175,-101.74,-83.09,1.65,146,132.170
2176,-101.80,-83.20,1.74,147,132.324
2177,-101.86,-83.32,1.82,147,132.371
2178,-101.87,-83.29,1.85,147,132.418
2179,-101.86,-83.33,1.90,147,132.465
2180,-101.87,-83.30,1.88,147,132.511
2181,-101.88,-83.27,1.80,147,132.558
2182,-101.79,-83.16,1.79,147,132.605
2183,-101.75,-83.10,1.71,147,132.652
2184,-101.77,-83.18,1.77,147,132.696
2185,-101.79,-83.24,1.76,147,132.757
2186,-101.86,-83.29,1.77,147,132.803
2187,-101.87,-83.36,1.89,147,132.864
2188,-101.86,-83.41,1.96,147,132.925
2189,-101.86,-83.45,2.02,147,132.975
2190,-101.87,-83.55,2.14,147,133.036
2191,-101.79,-83.42,2.02,148,133.192
2192,-101.80,-83.37,1.96,148,133.241
2193,-101.88,-83.40,1.93,148,133.286
2194,-101.95,-83.43,1.91,148,133.333
2195,-101.90,-83.42,1.92,148,133.393
2196,-101.87,-83.35,1.77,148,133.441
2197,-101.87,-83.44,1.97,148,133.502
2198,-101.83,-83.43,2.08,148,133.549
2199,-101.84,-83.48,2.17,148,133.596
2200,-101.90,-83.51,2.14,148,133.643
2201,-101.84,-83.42,2.12,148,133.691
2202,-101.76,-83.29,2.07,148,133.751
2203,-101.74,-83.30,2.17,148,133.800
2204,-101.71,-83.28,2.09,148,133.844
2205,-101.69,-83.25,2.14,148,133.893
2206,-101.67,-83.21,2.09,149,134.048
2207,-101.65,-83.17,2.04,149,134.096
2208,-101.68,-83.18,2.00,149,134.154
2209,-101.63,-83.16,2.11,149,134.201
2210,-101.69,-83.34,2.26,149,134.246
2211,-101.72,-83.38,2.29,149,134.294
2212,-101.68,-83.36,2.27,149,134.342
2213,-101.66,-83.28,2.11,149,134.388
2214,-101.66,-83.22,2.04,149,134.449
2215,-101.74,-83.28,1.93,149,134.509
2216,-101.76,-83.28,1.93,149,134.556
2217,-101.72,-83.27,1.95,149,134.603
2218,-101.65,-83.23,1.96,149,134.661
2219,-101.59,-83.12,1.91,149,134.711
2220,-101.58,-83.21,2.13,149,134.767
2221,-101.56,-83.25,2.15,150,134.924
2222,-101.52,-83.22,2.14,150,134.987
2223,-101.57,-83.23,2.12,150,135.035
2224,-101.61,-83.31,2.16,150,135.079
2225,-101.65,-83.31,2.11,150,135.141
2226,-101.67,-83.50,2.43,150,135.187
2227,-101.65,-83.48,2.42,150,135.235
2228,-101.64,-83.41,2.34,150,135.281
2229,-101.62,-83.33,2.25,150,135.326
2230,-101.65,-83.28,2.07,150,135.376
2231,-101.68,-83.24,1.91,150,135.424
2232,-101.68,-83.19,1.89,150,135.486
2233,-101.66,-83.13,1.80,150,135.533
2234,-101.69,-83.19,1.90,150,135.578
2235,-101.70,-83.19,1.80,150,135.625
2236,-101.69,-83.14,1.79,151,135.777
2237,-101.73,-83.16,1.80,151,135.837
2238,-101.69,-83.10,1.72,151,135.885
2239,-101.64,-83.01,1.71,151,135.944
2240,-101.68,-83.09,1.75,151,135.994
2241,-101.66,-83.05,1.74,151,136.058
2242,-101.65,-83.06,1.82,151,136.104
2243,-101.68,-83.08,1.83,151,136.149
2244,-101.76,-83.24,1.99,151,136.196
2245,-101.77,-83.33,2.11,151,136.256
2246,-101.85,-83.39,2.09,151,136.303
2247,-101.85,-83.43,2.07,151,136.363
2248,-101.88,-83.50,2.19,151,136.412
2249,-101.79,-83.39,2.10,151,136.458
2250,-101.80,-83.35,2.04,151,136.504
2251,-101.86,-83.38,1.95,152,136.660
2252,-101.82,-83.44,2.17,152,136.709
2253,-101.79,-83.28,1.98,152,136.770
2254,-101.86,-83.33,1.94,152,136.814
2255,-101.87,-83.37,2.05,152,136.863
2256,-101.83,-83.36,2.08,152,136.925
2257,-101.82,-83.30,2.08,152,136.984
2258,-101.83,-83.28,2.01,152,137.031
2259,-101.89,-83.40,2.11,152,137.080
2260,-101.90,-83.43,2.15,152,137.129
2261,-101.80,-83.36,2.17,152,137.175
2262,-101.76,-83.30,2.12,152,137.234
2263,-101.79,-83.29,2.05,152,137.282
2264,-101.79,-83.28,2.01,152,137.331
2265,-101.74,-83.16,1.99,152,137.377
2266,-101.76,-83.24,2.12,153,137.530
2267,-101.77,-83.24,2.03,153,137.578
2268,-101.75,-83.24,2.13,153,137.638
2269,-101.72,-83.18,2.06,153,137.687
2270,-101.72,-83.07,1.86,153,137.748
2271,-101.74,-83.14,1.91,153,137.794
2272,-101.71,-83.04,1.71,153,137.854
2273,-101.74,-83.05,1.71,153,137.899
2274,-101.73,-83.08,1.82,153,137.948
2275,-101.78,-83.18,1.89,153,137.996
2276,-101.80,-83.12,1.73,153,138.044
2277,-101.85,-83.31,1.99,153,138.087
2278,-101.87,-83.41,2.11,153,138.134
2279,-101.84,-83.36,2.11,153,138.182
2280,-101.90,-83.40,2.02,153,138.228
2281,-101.86,-83.32,1.96,154,138.376
2282,-101.89,-83.34,1.88,154,138.435
2283,-101.85,-83.20,1.79,154,138.484
2284,-101.85,-83.20,1.80,154,138.546
2285,-101.86,-83.27,1.88,154,138.592
2286,-101.81,-83.20,1.79,154,138.639
2287,-101.87,-83.25,1.70,154,138.687
2288,-101.92,-83.43,1.90,154,138.737
2289,-101.92,-83.42,1.88,154,138.796
2290,-101.83,-83.22,1.72,154,138.843
2291,-101.86,-83.25,1.74,154,138.892
2292,-101.87,-83.29,1.84,154,138.936
2293,-101.93,-83.35,1.85,154,138.998
2294,-101.89,-83.21,1.69,154,139.057
2295,-101.81,-83.04,1.55,154,139.104
2296,-101.77,-83.13,1.70,155,139.261
2297,-101.80,-83.13,1.67,155,139.307
2298,-101.82,-83.24,1.83,155,139.353
2299,-101.83,-83.31,2.04,155,139.400
2300,-101.84,-83.31,2.03,155,139.460
2301,-101.81,-83.33,2.08,155,139.508
2302,-101.83,-83.33,1.99,155,139.552
2303,-101.80,-83.36,2.12,155,139.599
2304,-101.78,-83.29,2.05,155,139.645
2305,-101.74,-83.28,2.12,155,139.694
2306,-101.77,-83.29,2.03,155,139.741
2307,-101.69,-83.24,2.06,155,139.789
2308,-101.67,-83.24,2.16,155,139.849
2309,-101.65,-83.11,2.02,155,139.894
2310,-101.72,-83.17,2.00,155,139.942
2311,-101.70,-83.11,1.95,154,140.098
2312,-101.74,-83.08,1.80,154,140.146
2313,-101.73,-83.04,1.76,154,140.192
2314,-101.73,-83.12,1.85,154,140.251
2315,-101.76,-83.12,1.83,154,140.295
2316,-101.79,-83.12,1.81,154,140.345
2317,-101.80,-83.14,1.75,154,140.391
2318,-101.77,-83.08,1.74,154,140.438
2319,-101.80,-83.18,1.87,154,140.487
2320,-101.82,-83.20,1.87,154,140.534
2321,-101.83,-83.18,1.73,154,140.578
2322,-101.84,-83.19,1.68,154,140.627
2323,-101.90,-83.25,1.63,154,140.675
2324,-101.94,-83.29,1.59,154,140.721
2325,-102.00,-83.41,1.73,154,140.768
2326,-101.96,-83.34,1.72,153,140.924
2327,-101.94,-83.39,1.67,153,140.972
2328,-101.93,-83.51,1.82,153,141.023
2329,-101.93,-83.61,1.97,153,141.079
2330,-101.93,-83.62,2.02,153,141.129
2331,-101.84,-83.66,2.21,153,141.175
2332,-101.85,-83.60,2.13,153,141.236
2333,-101.86,-83.57,2.11,153,141.298
2334,-101.83,-83.55,2.18,153,141.358
2335,-101.87,-83.76,2.46,153,141.407
2336,-101.88,-83.69,2.29,153,141.451
2337,-101.81,-83.55,2.23,153,141.512
2338,-101.78,-83.46,2.17,153,141.559
2339,-101.71,-83.33,2.05,153,141.605
2340,-101.73,-83.46,2.17,153,141.666
2341,-101.65,-83.36,2.21,152,141.823
2342,-101.68,-83.35,2.11,152,141.884
2343,-101.67,-83.29,2.04,152,141.944
2344,-101.67,-83.17,1.93,152,141.993
2345,-101.71,-83.17,1.88,152,142.039
2346,-101.65,-83.01,1.79,152,142.110
2347,-101.60,-82.86,1.71,152,142.163
2348,-101.63,-82.97,1.80,152,142.210
2349,-101.66,-83.07,1.88,152,142.259
2350,-101.65,-82.97,1.79,152,142.307
2351,-101.68,-83.06,1.94,152,142.363
2352,-101.75,-83.20,1.93,152,142.414
2353,-101.73,-83.15,1.83,152,142.471
2354,-101.79,-83.19,1.81,152,142.517
2355,-101.75,-83.13,1.80,152,142.576
2356,-101.72,-83.14,1.76,151,142.733
2357,-101.71,-83.07,1.70,151,142.780
2358,-101.69,-83.03,1.67,151,142.825
2359,-101.70,-83.11,1.76,151,142.886
2360,-101.72,-83.12,1.78,151,142.933
2361,-101.70,-83.07,1.76,151,142.995
2362,-101.74,-83.17,1.91,151,143.055
2363,-101.70,-83.20,1.91,151,143.103
2364,-101.68,-83.14,1.96,151,143.164
2365,-101.67,-83.09,1.86,151,143.210
2366,-101.65,-83.11,1.91,151,143.259
2367,-101.73,-83.24,1.97,151,143.321
2368,-101.71,-83.27,2.07,151,143.383
2369,-101.72,-83.40,2.23,151,143.430
2370,-101.71,-83.40,2.32,151,143.476
2371,-101.72,-83.38,2.25,150,143.630
2372,-101.74,-83.41,2.16,150,143.680
2373,-101.77,-83.41,2.07,150,143.727
2374,-101.83,-83.51,2.05,150,143.775
2375,-101.81,-83.49,2.15,150,143.819
2376,-101.81,-83.51,2.10,150,143.865
2377,-101.92,-83.63,2.10,150,143.915
2378,-102.02,-83.74,2.09,150,143.962
2379,-101.97,-83.62,2.05,150,144.009
2380,-101.92,-83.54,2.04,150,144.070
2381,-101.92,-83.52,1.95,150,144.131
2382,-101.94,-83.42,1.79,150,144.180
2383,-101.98,-83.58,1.93,150,144.226
2384,-101.98,-83.62,2.07,150,144.272
2385,-101.92,-83.54,1.98,150,144.322
2386,-101.98,-83.56,1.97,149,144.474
2387,-101.95,-83.49,1.98,149,144.521
2388,-101.93,-83.58,2.18,149,144.567
2389,-101.89,-83.55,2.17,149,144.629
2390,-101.94,-83.58,2.07,149,144.687
2391,-101.99,-83.64,2.07,149,144.736
2392,-101.98,-83.60,1.99,149,144.797
2393,-101.98,-83.55,1.96,149,144.844
2394,-101.96,-83.65,2.13,149,144.890
2395,-101.95,-83.71,2.19,149,144.938
2396,-101.94,-83.64,2.11,149,144.988
2397,-101.91,-83.62,2.21,149,145.054
2398,-101.92,-83.56,2.13,149,145.116
2399,-101.92,-83.51,2.06,149,145.174
2400,-101.93,-83.41,1.88,149,145.223
2401,-101.86,-83.37,1.97,148,145.374
2402,-101.86,-83.42,1.93,148,145.439
2403,-101.91,-83.58,2.13,148,145.489
2404,-101.90,-83.61,2.18,148,145.546
2405,-101.81,-83.45,2.13,148,145.594
2406,-101.79,-83.38,2.06,148,145.641
2407,-101.81,-83.42,2.06,148,145.701
2408,-101.83,-83.44,2.08,148,145.761
2409,-101.82,-83.44,2.15,148,145.828
2410,-101.79,-83.37,2.10,148,145.887
2411,-101.81,-83.34,2.06,148,145.938
2412,-101.85,-83.50,2.25,148,145.996
2413,-101.85,-83.47,2.21,148,146.045
2414,-101.83,-83.39,2.06,148,146.090
2415,-101.76,-83.28,1.93,148,146.136
2416,-101.72,-83.27,1.94,147,146.294
2417,-101.70,-83.27,1.99,147,146.355
2418,-101.67,-83.31,2.06,147,146.413
2419,-101.70,-83.38,2.15,147,146.459
2420,-101.76,-83.47,2.19,147,146.509
2421,-101.69,-83.34,2.14,147,146.556
2422,-101.73,-83.26,1.96,147,146.617
2423,-101.70,-83.26,1.97,147,146.669
2424,-101.64,-83.13,1.82,147,146.728
2425,-101.64,-83.06,1.73,147,146.793
2426,-101.71,-83.13,1.75,147,146.839
2427,-101.64,-83.06,1.74,147,146.897
2428,-101.63,-82.99,1.68,147,146.945
2429,-101.61,-82.95,1.68,147,146.997
2430,-101.66,-83.13,1.84,147,147.055
2431,-101.68,-83.14,1.84,146,147.212
2432,-101.71,-83.15,1.82,146,147.257
2433,-101.74,-83.18,1.76,146,147.304
2434,-101.76,-83.23,1.79,146,147.349
2435,-101.74,-83.18,1.64,146,147.396
2436,-101.70,-83.24,1.78,146,147.460
2437,-101.66,-83.22,1.84,146,147.510
2438,-101.64,-83.19,1.84,146,147.570
2439,-101.58,-83.22,2.07,146,147.632
2440,-101.54,-83.12,2.01,146,147.682
2441,-101.50,-83.03,1.97,146,147.730
2442,-101.60,-83.11,1.94,146,147.785
2443,-101.63,-83.13,1.86,146,147.848
2444,-101.70,-83.17,1.82,146,147.908
2445,-101.73,-83.18,1.84,146,147.971
2446,-101.79,-83.32,1.96,145,148.127
2447,-101.82,-83.33,2.03,145,148.176
2448,-101.84,-83.31,2.00,145,148.231
2449,-101.88,-83.36,1.96,145,148.291
2450,-101.89,-83.35,1.95,145,148.354
2451,-101.93,-83.45,2.01,145,148.401
2452,-101.93,-83.43,1.93,145,148.456
2453,-101.92,-83.52,2.09,145,148.504
2454,-101.89,-83.46,2.06,145,148.559
2455,-101.91,-83.53,2.18,145,148.606
2456,-101.88,-83.44,2.13,145,148.665
2457,-101.86,-83.40,2.10,145,148.726
2458,-101.84,-83.34,2.03,145,148.773
2459,-101.85,-83.33,1.94,145,148.822
2460,-101.85,-83.36,1.96,145,148.882
2461,-101.87,-83.34,1.83,144,149.033
2462,-101.87,-83.50,2.11,144,149.093
2463,-101.88,-83.63,2.36,144,149.140
2464,-101.84,-83.53,2.27,144,149.188
2465,-101.80,-83.46,2.18,144,149.249
2466,-101.77,-83.37,2.10,144,149.297
2467,-101.79,-83.36,2.06,144,149.345
2468,-101.76,-83.29,1.92,144,149.390
2469,-101.73,-83.17,1.73,144,149.436
2470,-101.75,-83.23,1.79,144,149.503
2471,-101.78,-83.24,1.73,144,149.556
2472,-101.81,-83.28,1.79,144,149.603
2473,-101.83,-83.29,1.75,144,149.652
2474,-101.80,-83.23,1.74,144,149.697
2475,-101.77,-83.28,1.89,144,149.760
2476,-101.79,-83.28,1.88,143,149.913
2477,-101.81,-83.31,1.90,143,149.974
2478,-101.82,-83.44,2.10,143,150.036
2479,-101.74,-83.33,2.00,143,150.083
2480,-101.76,-83.37,2.04,143,150.130
2481,-101.73,-83.29,2.00,143,150.177
2482,-101.74,-83.35,2.03,143,150.226
2483,-101.83,-83.33,1.81,143,150.273
2484,-101.84,-83.33,1.76,143,150.319
2485,-101.82,-83.30,1.78,143,150.365
2486,-101.84,-83.21,1.60,143,150.423
2487,-101.82,-83.18,1.63,143,150.472
2488,-101.79,-83.16,1.68,143,150.520
2489,-101.77,-83.13,1.71,143,150.566
2490,-101.73,-83.14,1.75,143,150.613
2491,-101.76,-83.14,1.74,142,150.770
2492,-101.83,-83.21,1.69,142,150.816
2493,-101.75,-83.19,1.77,142,150.875
2494,-101.67,-83.17,1.84,142,150.925
2495,-101.68,-83.26,1.96,142,150.986
2496,-101.67,-83.17,1.85,142,151.036
2497,-101.60,-83.07,1.76,142,151.079
2498,-101.65,-83.12,1.79,142,151.129
2499,-101.70,-83.18,1.70,142,151.189
2500,-101.64,-83.02,1.57,142,151.238
